1 NONE 0;-32767 0;0
30 KEY_ZL 0;0 0;0
31 KEY_ZL;KEY_Y 0;0 0;0
160 NONE 0;0 0;0
161 NONE 0;0 0;0
162 NONE 0;0 0;0
163 NONE 0;0 0;0
164 NONE 0;0 0;0
165 NONE 0;0 0;0
175 NONE -28377;-16383 0;0
176 NONE 0;30000 0;0
177 NONE 28377;-16383 0;0
178 NONE -28377;-16383 0;0
179 NONE 0;30000 0;0
180 NONE 28377;-16383 0;0
181 NONE -28377;-16383 0;0
182 NONE 0;30000 0;0
183 NONE 28377;-16383 0;0
184 NONE -28377;-16383 0;0
185 NONE 0;30000 0;0
186 NONE 28377;-16383 0;0
187 NONE -28377;-16383 0;0
188 NONE 0;30000 0;0
189 NONE 28377;-16383 0;0
190 NONE -28377;-16383 0;0
191 NONE 0;30000 0;0
192 NONE 28377;-16383 0;0
193 NONE -28377;-16383 0;0
194 NONE 0;30000 0;0
195 NONE 28377;-16383 0;0
196 NONE -28377;-16383 0;0
197 NONE 0;30000 0;0
198 NONE 28377;-16383 0;0
199 NONE -28377;-16383 0;0
200 NONE 0;30000 0;0
201 NONE 28377;-16383 0;0
202 NONE -28377;-16383 0;0
203 NONE 0;30000 0;0
204 NONE 28377;-16383 0;0
205 NONE -28377;-16383 0;0
206 KEY_B -30790;11206 0;0
207 KEY_ZL -30790;11206 0;0
208 KEY_ZL -30790;11206 0;0
209 KEY_ZL;KEY_X -30790;11206 0;0
210 KEY_ZL;KEY_Y -30790;11206 0;0
211 KEY_ZL;KEY_X -30790;11206 0;0
212 KEY_ZL;KEY_Y -30790;11206 0;0
213 KEY_ZL;KEY_X -30790;11206 0;0
214 KEY_ZL;KEY_Y -30790;11206 0;0
215 NONE 0;32767 0;0
216 NONE 0;32767 0;0
217 NONE 0;32767 0;0
218 NONE 0;32767 0;0
219 NONE 0;32767 0;0
220 NONE 0;32767 0;0
221 NONE 0;32767 0;0
222 NONE 0;32767 0;0
223 NONE 0;32767 0;0
224 KEY_Y;KEY_B 0;32767 0;0
225 NONE 0;32767 0;0
226 NONE 0;32767 0;0
227 NONE -30790;11206 0;0
228 NONE -30790;11206 0;0
229 NONE -30790;11206 0;0
230 NONE -30790;11206 0;0
231 NONE -30790;11206 0;0
232 NONE -30790;11206 0;0
233 NONE -30790;11206 0;0
234 NONE -30790;11206 0;0
235 NONE -30790;11206 0;0
236 NONE -30790;11206 0;0
237 NONE -30790;11206 0;0
238 KEY_A -30790;11206 0;0
239 KEY_A -30790;11206 0;0
240 KEY_A -30790;11206 0;0
241 KEY_A -30790;11206 0;0
242 KEY_A -30790;11206 0;0
243 KEY_A -30790;11206 0;0
244 KEY_A -30790;11206 0;0
245 KEY_A -30790;11206 0;0
246 KEY_A -30790;11206 0;0
247 KEY_A -30790;11206 0;0
248 KEY_A -30790;11206 0;0
249 KEY_A -30790;11206 0;0
250 KEY_A -30790;11206 0;0
251 KEY_A -30790;11206 0;0
252 KEY_A -30790;11206 0;0
253 KEY_A -30790;11206 0;0
254 NONE -30790;11206 0;0
255 NONE -30790;11206 0;0
256 NONE -30790;11206 0;0
257 NONE -30790;11206 0;0
258 NONE -30790;11206 0;0
259 NONE -30790;11206 0;0
260 NONE -30790;11206 0;0
261 NONE -30790;11206 0;0
262 NONE -30790;11206 0;0
263 NONE -30790;11206 0;0
264 NONE -30790;11206 0;0
265 NONE -30790;11206 0;0
266 KEY_Y -25100;21062 -10000;0
267 NONE -25100;21062 -10000;0
268 NONE -25100;21062 -10000;0
269 NONE -25100;21062 -10000;0
270 NONE -25100;21062 -10000;0
271 NONE -25100;21062 -10000;0
272 NONE -25100;21062 -10000;0
273 NONE -25100;21062 -10000;0
274 NONE -25100;21062 -10000;0
275 KEY_ZL -23169;23169 9500;0
276 KEY_ZL;KEY_Y -23169;23169 9500;0
277 KEY_ZL;KEY_X -23169;23169 11000;0
278 KEY_ZL;KEY_Y -23169;23169 11000;0
279 KEY_ZL;KEY_X -23169;23169 11000;0
280 KEY_ZL;KEY_Y -23169;23169 11000;0
281 KEY_ZL;KEY_X -23169;23169 11000;0
282 KEY_ZL;KEY_Y -23169;23169 11000;0
283 KEY_ZL;KEY_X -23169;23169 11000;0
284 KEY_ZL;KEY_Y -23169;23169 11000;0
285 KEY_ZL;KEY_X -23169;23169 11000;0
286 KEY_ZL;KEY_Y -23169;23169 11000;0
287 KEY_ZL;KEY_X -23169;23169 11000;0
288 KEY_ZL;KEY_Y -23169;23169 11000;0
289 KEY_ZL;KEY_X -23169;23169 11000;0
290 KEY_ZL;KEY_Y -23169;23169 11000;0
291 KEY_ZL;KEY_X -23169;23169 11000;0
292 KEY_ZL;KEY_Y -23169;23169 11000;0
293 KEY_ZL;KEY_X -23169;23169 11000;0
294 KEY_ZL;KEY_Y -23169;23169 11000;0
295 KEY_ZL;KEY_X -23169;23169 11000;0
296 KEY_ZL;KEY_Y -23169;23169 11000;0
297 KEY_ZL;KEY_X -23169;23169 11000;0
298 KEY_ZL;KEY_Y -23169;23169 11000;0
299 KEY_ZL;KEY_X -23169;23169 11000;0
300 KEY_ZL;KEY_Y -23169;23169 11000;0
301 KEY_ZL;KEY_X -23169;23169 11000;0
302 KEY_ZL;KEY_Y -23169;23169 11000;0
303 KEY_ZL;KEY_X -23169;23169 11000;0
304 KEY_ZL;KEY_Y -23169;23169 11000;0
305 KEY_ZL;KEY_X 0;32767 11000;0
306 KEY_ZL;KEY_Y 0;32767 11000;0
307 KEY_ZL;KEY_X 0;32767 11000;0
308 KEY_ZL;KEY_Y 0;32767 11000;0
309 KEY_ZL;KEY_X 0;32767 11000;0
310 KEY_ZL;KEY_Y 0;32767 11000;0
311 NONE 0;32767 -32767;0
312 NONE 0;32767 -32767;0
313 NONE 0;32767 -32767;0
314 NONE 0;32767 -32767;0
315 NONE 0;32767 -32767;0
316 NONE 0;32767 -32767;0
317 NONE 0;32767 -32767;0
318 NONE 0;32767 -32767;0
319 NONE 0;32767 -32767;0
320 NONE 0;32767 -32767;0
321 NONE 0;32767 -32767;0
322 NONE 0;32767 -32767;0
323 NONE 0;32767 -32767;0
324 NONE 0;32767 -32767;0
325 NONE 0;32767 0;0
326 NONE 0;32767 0;0
327 NONE 0;32767 0;0
328 NONE 0;32767 0;0
329 NONE 0;32767 0;0
330 NONE 0;32767 0;0
331 NONE 0;32767 0;0
332 NONE 0;32767 0;0
333 NONE 0;32767 0;0
334 NONE 0;32767 0;0
335 NONE 0;32767 0;0
336 NONE 5689;32269 0;0
337 KEY_Y 5689;32269 0;0
338 NONE -21062;25100 0;0
339 NONE -21062;25100 0;0
340 NONE -21062;25100 0;0
341 NONE -21062;25100 0;0
342 NONE -21062;25100 0;0
343 NONE -21062;25100 0;0
344 NONE -21062;25100 0;0
345 NONE -21062;25100 0;0
346 NONE -21062;25100 0;0
347 NONE -21062;25100 0;0
348 NONE -21062;25100 0;0
349 NONE -21062;25100 0;0
350 NONE -21062;25100 0;0
351 NONE -21062;25100 0;0
352 NONE -21062;25100 0;0
353 NONE -21062;25100 0;0
354 NONE -21062;25100 0;0
355 NONE -21062;25100 0;0
356 NONE -21062;25100 0;0
357 NONE -21062;25100 0;0
358 NONE -21062;25100 0;0
359 NONE -21062;25100 0;0
360 NONE -21062;25100 0;0
361 NONE -21062;25100 0;0
362 NONE -21062;25100 0;0
363 NONE -21062;25100 0;0
364 KEY_ZL -21062;25100 0;0
365 KEY_ZL;KEY_Y -21062;25100 0;0
366 KEY_Y -21062;25100 0;0
367 KEY_Y -21062;25100 0;0
368 KEY_Y -21062;25100 0;0
369 KEY_Y -21062;25100 0;0
370 KEY_Y -21062;25100 0;0
371 KEY_Y -21062;25100 0;0
372 KEY_Y -21062;25100 0;0
373 KEY_Y -21062;25100 0;0
374 KEY_Y -21062;25100 0;0
375 KEY_Y -21062;25100 0;0
376 KEY_Y -21062;25100 0;0
377 KEY_Y -21062;25100 0;0
378 KEY_Y -21062;25100 0;0
379 KEY_Y -21062;25100 0;0
380 KEY_Y -21062;25100 0;0
381 KEY_Y -21062;25100 0;0
382 KEY_Y -21062;25100 0;0
383 NONE -21062;25100 0;0
384 NONE -21062;25100 0;0
385 KEY_Y 21062;25101 0;0
386 KEY_X 21062;25101 0;0
387 KEY_Y 21062;25101 0;0
388 KEY_X 21062;25101 0;0
389 KEY_Y 21062;25101 0;0
390 KEY_X 21062;25101 0;0
391 KEY_Y 21062;25101 0;0
392 KEY_X 21062;25101 0;0
393 KEY_Y 21062;25101 0;0
394 KEY_X 21062;25101 0;0
395 KEY_Y 21062;25101 0;0
396 KEY_X 21062;25101 0;0
397 KEY_Y 21062;25101 0;0
398 KEY_X 21062;25101 0;0
399 KEY_Y 21062;25101 0;0
400 KEY_X 21062;25101 0;0
401 KEY_Y 21062;25101 0;0
402 KEY_X 21062;25101 0;0
403 KEY_Y 21062;25101 0;0
404 KEY_X 21062;25101 0;0
405 KEY_Y 21062;25101 0;0
406 KEY_X 21062;25101 0;0
407 KEY_Y 21062;25101 0;0
408 KEY_X 21062;25101 0;0
409 KEY_Y 21062;25101 0;0
410 KEY_X 21062;25101 0;0
411 KEY_Y 21062;25101 0;0
412 KEY_X 21062;25101 0;0
413 KEY_Y 21062;25101 0;0
414 KEY_X 21062;25101 0;0
415 KEY_Y 21062;25101 0;0
416 KEY_X 21062;25101 0;0
417 KEY_Y 21062;25101 0;0
418 KEY_X 21062;25101 0;0
419 KEY_Y 21062;25101 0;0
420 KEY_X 21062;25101 0;0
421 KEY_A 21062;25101 0;0
422 KEY_B 21062;25101 0;0
423 KEY_A 21062;25101 0;0
424 KEY_B 21062;25101 0;0
425 KEY_A 21062;25101 0;0
426 KEY_B 21062;25101 0;0
427 KEY_A 21062;25101 0;0
428 KEY_B 21062;25101 0;0
429 KEY_A 21062;25101 0;0
430 KEY_B 21062;25101 0;0
431 KEY_A 21062;25101 0;0
432 KEY_B 21062;25101 0;0
433 KEY_A 21062;25101 0;0
434 KEY_B 21062;25101 0;0
435 KEY_A 21062;25101 0;0
436 KEY_B 21062;25101 0;0
437 KEY_A 21062;25101 0;0
438 NONE 21062;25101 0;0
439 NONE 21062;25101 0;0
440 NONE 21062;25101 0;0
441 NONE 21062;25101 0;0
442 NONE 21062;25101 0;0
443 NONE 21062;25101 0;0
444 NONE 21062;25101 0;0
445 NONE 21062;25101 0;0
446 NONE 21062;25101 0;0
447 NONE 21062;25101 0;0
448 NONE 21062;25101 0;0
449 NONE 21062;25101 0;0
450 NONE 21062;25101 0;0
451 NONE 21062;25101 0;0
452 NONE -23169;23169 0;0
453 NONE -23169;23169 0;0
454 NONE 5689;32269 0;0
455 NONE 5689;32269 0;0
456 NONE 5689;32269 0;0
457 NONE 5689;32269 0;0
458 NONE 5689;32269 0;0
459 KEY_Y 5689;32269 0;0
460 NONE 5689;32269 0;0
461 NONE 5689;32269 0;0
462 NONE 5689;32269 0;0
463 NONE 5689;32269 0;0
464 NONE 5689;32269 0;0
465 NONE 5689;32269 0;0
466 NONE 5689;32269 0;0
467 NONE 5689;32269 0;0
468 NONE 5689;32269 0;0
469 NONE 5689;32269 0;0
470 NONE 5689;32269 0;0
471 NONE 5689;32269 0;0
472 NONE 5689;32269 0;0
473 KEY_ZL 5689;32269 0;0
474 KEY_ZL;KEY_Y 5689;32269 0;0
475 NONE 5689;32269 0;0
476 NONE 5689;32269 0;0
477 NONE 5689;32269 0;0
478 NONE 5689;32269 0;0
479 NONE 5689;32269 0;0
480 NONE 5689;32269 0;0
481 NONE 5689;32269 0;0
482 NONE 5689;32269 0;0
483 NONE 5689;32269 0;0
484 NONE 5689;32269 0;0
485 NONE 5689;32269 0;0
486 NONE 5689;32269 0;0
487 NONE 5689;32269 0;0
488 NONE 32767;0 0;0
489 NONE 32767;0 0;0
490 NONE 32767;0 0;0
491 NONE 32767;0 0;0
492 NONE 32767;0 0;0
493 NONE 32767;0 0;0
494 NONE 32767;0 0;0
495 KEY_A 32767;0 0;0
496 KEY_A 32767;0 0;0
497 KEY_A 32767;0 0;0
498 KEY_A 32767;0 0;0
499 KEY_A 32767;0 0;0
500 KEY_A 32767;0 0;0
501 KEY_A 32767;0 0;0
502 KEY_A 32767;0 0;0
503 KEY_A 32767;0 0;0
504 KEY_ZL 32767;0 0;0
505 KEY_ZL;KEY_Y 32767;0 0;0
506 NONE 21062;25100 0;0
507 NONE 21062;25100 0;0
508 NONE 21062;25100 0;0
509 NONE 21062;25100 0;0
510 NONE 21062;25100 0;0
511 NONE 21062;25100 0;0
512 NONE 21062;25100 0;0
513 NONE 21062;25100 0;0
514 NONE 21062;25100 0;0
515 NONE 21062;25100 0;0
516 NONE 21062;25100 0;0
517 NONE 21062;25100 0;0
518 NONE 21062;25100 0;0
519 KEY_A;KEY_B 21062;25100 0;0
520 KEY_A 21062;25100 0;0
521 KEY_A;KEY_B 21062;25100 0;0
522 KEY_A 21062;25100 0;0
523 KEY_A;KEY_B 21062;25100 0;0
524 KEY_A 21062;25100 0;0
525 KEY_A;KEY_B 21062;25100 0;0
526 KEY_A 21062;25100 0;0
527 KEY_A;KEY_B 21062;25100 0;0
528 KEY_A 21062;25100 0;0
529 KEY_A;KEY_B 21062;25100 0;0
530 KEY_A 21062;25100 0;0
531 KEY_A;KEY_B 21062;25100 0;0
532 KEY_A 21062;25100 0;0
533 KEY_A;KEY_B 21062;25100 0;0
534 KEY_A 21062;25100 0;0
535 KEY_A;KEY_B 21062;25100 0;0
536 KEY_A 21062;25100 0;0
537 NONE 21062;25100 0;0
538 NONE 21062;25100 0;0
539 NONE 21062;25100 0;0
540 NONE 21062;25100 0;0
541 NONE 21062;25100 0;0
542 NONE 21062;25100 0;0
543 KEY_ZL 21062;25100 0;0
544 KEY_ZL;KEY_Y 21062;25100 0;0
545 NONE 21062;25100 0;0
546 NONE 21062;25100 0;0
547 NONE 21062;25100 0;0
548 NONE 21062;25100 0;0
549 NONE 21062;25100 0;0
550 NONE 21062;25100 0;0
551 NONE 21062;25100 0;0
552 NONE 21062;25100 0;0
553 NONE 21062;25100 0;0
554 NONE 21062;25100 0;0
555 NONE 21062;25100 0;0
556 NONE 21062;25100 0;0
557 NONE 21062;25100 0;0
558 NONE 21062;25100 0;0
559 NONE 21062;25100 0;0
560 KEY_A;KEY_B 21062;25100 0;0
561 KEY_A 21062;25100 0;0
562 KEY_A;KEY_B 21062;25100 0;0