0 NONE 0;-30000 0;0
1 NONE 0;-30000 0;0
2 NONE 0;-30000 0;0
3 NONE 0;-30000 0;0
4 NONE 0;-30000 0;0
5 NONE 0;-30000 0;0
6 NONE 0;-30000 0;0
7 NONE 0;-30000 0;0
8 NONE 0;-30000 0;0
9 NONE 0;-30000 0;0
10 NONE 0;-30000 0;0
11 NONE 0;-30000 0;0
12 NONE 0;-30000 0;0
13 NONE 0;-30000 0;0
14 NONE 0;-30000 0;0
15 NONE 0;-30000 0;0
16 NONE 0;-30000 0;0
17 NONE 0;-30000 0;0
18 NONE 0;-30000 0;0
19 NONE 0;-30000 0;0
20 NONE 0;-30000 0;0
21 NONE 0;-30000 0;0
22 NONE 0;-30000 0;0
23 NONE 0;-30000 0;0
24 NONE 0;-30000 0;0
25 NONE 0;-30000 0;0
26 NONE 0;-30000 0;0
27 NONE 0;-30000 0;0
28 NONE 0;-30000 0;0
29 NONE 0;-30000 0;0
30 NONE 0;-30000 0;0
31 NONE 0;-30000 0;0
32 NONE 0;-30000 0;0
33 NONE 0;-30000 0;0
34 NONE 0;-30000 0;0
35 NONE 0;-30000 0;0
36 NONE 0;-30000 0;0
37 NONE 0;-30000 0;0
38 NONE 0;-30000 0;0
39 NONE 0;-30000 0;0
40 NONE 0;-30000 0;0
41 NONE 0;-30000 0;0
42 NONE 0;-30000 0;0
43 NONE 0;-30000 0;0
44 NONE 0;-30000 0;0
45 NONE 0;-30000 0;0
46 NONE 0;-30000 0;0
47 NONE 0;-30000 0;0
48 NONE 0;-30000 0;0
49 NONE 0;-30000 0;0
50 NONE 0;-30000 0;0
51 NONE 0;-30000 0;0
52 NONE 0;-30000 0;0
53 NONE 0;-30000 0;0
54 NONE 0;-30000 0;0
55 NONE 0;-30000 0;0
56 NONE 0;-30000 0;0
57 NONE 0;-30000 0;0
58 NONE 0;-30000 0;0
59 NONE 0;-30000 0;0
60 NONE 0;-30000 0;0
61 NONE 0;-30000 0;0
62 NONE 0;-30000 0;0
63 NONE 0;-30000 0;0
64 NONE 0;-30000 0;0
65 NONE 0;-30000 0;0
66 NONE 0;-30000 0;0
67 NONE 0;-30000 0;0
68 NONE 0;-30000 0;0
69 NONE 0;-30000 0;0
70 NONE 0;-30000 0;0
71 NONE 0;-30000 0;0
72 NONE 0;-30000 0;0
73 NONE 0;-30000 0;0
74 NONE 0;-30000 0;0
75 NONE 0;-30000 0;0
76 NONE 0;-30000 0;0
77 NONE 0;-30000 0;0
78 NONE 0;-30000 0;0
79 NONE 0;-30000 0;0
80 NONE 0;-30000 0;0
81 NONE 0;-30000 0;0
82 NONE 0;-30000 0;0
83 NONE 0;-30000 0;0
84 NONE 0;-30000 0;0
85 NONE 0;-30000 0;0
86 NONE 0;-30000 0;0
87 NONE 0;-30000 0;0
88 NONE 0;-30000 0;0
89 NONE 0;-30000 0;0
90 NONE 0;-30000 0;0
91 NONE 0;-30000 0;0
92 NONE 0;-30000 0;0
93 NONE 0;-30000 0;0
94 NONE 0;-30000 0;0
95 NONE 0;-30000 0;0
96 NONE 0;-30000 0;0
97 NONE 0;-30000 0;0
98 NONE 0;-30000 0;0
99 NONE 0;-30000 0;0
100 NONE 0;-30000 0;0
101 NONE 0;-30000 0;0
102 NONE 0;-30000 0;0
103 NONE 0;-30000 0;0
104 NONE 0;-30000 0;0
105 NONE 0;-30000 0;0
106 NONE 0;-30000 0;0
107 NONE 0;-30000 0;0
108 NONE 0;-30000 0;0
109 NONE 0;-30000 0;0
110 NONE 0;-30000 0;0
111 NONE 0;-30000 0;0
112 NONE 0;-30000 0;0
113 NONE 0;-30000 0;0
114 NONE 0;-30000 0;0
115 NONE 0;-30000 0;0
116 NONE 0;-30000 0;0
117 NONE 0;-30000 0;0
118 NONE 0;-30000 0;0
119 NONE 0;-30000 0;0
120 NONE 0;-30000 0;0
121 NONE 0;-30000 0;0
122 NONE 0;-30000 0;0
123 NONE 0;-30000 0;0
124 NONE 0;-30000 0;0
125 NONE 0;-30000 0;0
126 NONE 0;-30000 0;0
127 NONE 0;-30000 0;0
128 NONE 0;-30000 0;0
129 NONE 0;-30000 0;0
130 NONE 0;-30000 0;0
131 NONE 0;-30000 0;0
132 NONE 0;-30000 0;0
133 NONE 0;-30000 0;0
134 NONE 0;-30000 0;0
135 NONE 0;-30000 0;0
136 NONE 0;-30000 0;0
137 NONE 0;-30000 0;0
138 NONE 0;-30000 0;0
139 NONE 0;-30000 0;0
140 NONE 0;-30000 0;0
141 NONE 0;-30000 0;0
142 NONE 0;-30000 0;0
143 NONE 0;-30000 0;0
144 NONE 0;-30000 0;0
145 NONE 0;-30000 0;0
146 NONE 0;-30000 0;0
147 NONE 0;-30000 0;0
148 NONE 0;-30000 0;0
149 NONE 0;-30000 0;0
150 NONE 0;-30000 0;0
151 NONE 0;-30000 0;0
152 NONE 0;-30000 0;0
153 NONE 0;-30000 0;0
154 NONE 0;-30000 0;0
155 NONE 0;-30000 0;0
156 NONE 0;-30000 0;0
157 NONE 0;-30000 0;0
158 NONE 0;-30000 0;0
159 NONE 0;-30000 0;0
160 NONE 0;-30000 0;0
161 NONE 0;-30000 0;0
162 NONE 0;-30000 0;0
163 NONE 0;-30000 0;0
164 NONE 0;-30000 0;0
165 NONE 0;-30000 0;0
166 NONE 0;-30000 0;0
167 NONE 0;-30000 0;0
168 NONE 0;-30000 0;0
169 NONE 0;-30000 0;0
170 NONE 0;-30000 0;0
171 NONE 0;-30000 0;0
172 NONE 0;-30000 0;0
173 NONE 0;-30000 0;0
174 NONE 0;-30000 0;0
175 NONE 0;-30000 0;0
176 NONE 0;-30000 0;0
177 NONE 0;-30000 0;0
178 NONE 0;-30000 0;0
179 NONE 0;-30000 0;0
180 NONE 0;-30000 0;0
181 NONE 0;-30000 0;0
182 NONE 0;-30000 0;0
183 NONE 0;-30000 0;0
184 NONE 0;-30000 0;0
185 NONE 0;-30000 0;0
186 NONE 0;-30000 0;0
187 NONE 0;-30000 0;0
188 NONE 0;-30000 0;0
189 NONE 0;-30000 0;0
190 NONE 0;-30000 0;0
191 NONE 0;-30000 0;0
192 NONE 0;-30000 0;0
193 NONE 0;-30000 0;0
194 NONE 0;-30000 0;0
195 NONE 0;-30000 0;0
196 NONE 0;-30000 0;0
197 NONE 0;-30000 0;0
198 NONE 0;-30000 0;0
199 NONE 0;-30000 0;0
200 KEY_A 0;-30000 0;0
201 KEY_A 0;-30000 0;0
202 KEY_A 0;-30000 0;0
203 KEY_A 0;-30000 0;0
204 KEY_A 0;-30000 0;0
205 KEY_A 0;-30000 0;0
206 KEY_A 0;-30000 0;0
207 KEY_A 0;-30000 0;0
208 KEY_A 0;-30000 0;0
209 KEY_A 0;-30000 0;0
210 KEY_A 0;-30000 0;0
211 KEY_A 0;-30000 0;0
212 KEY_A 0;-30000 0;0
213 KEY_A 0;-30000 0;0
214 KEY_A 0;-30000 0;0
215 KEY_A 0;-30000 0;0
216 KEY_A 0;-30000 0;0
217 KEY_A 0;-30000 0;0
218 KEY_A 0;-30000 0;0
219 KEY_A 0;-30000 0;0
220 KEY_A 0;-30000 0;0
221 KEY_A 0;-30000 0;0
222 KEY_A 0;-30000 0;0
223 KEY_A 0;-30000 0;0
224 KEY_A 0;-30000 0;0
225 KEY_A 0;-30000 0;0
226 KEY_A 0;-30000 0;0
227 KEY_A 0;-30000 0;0
228 KEY_A 0;-30000 0;0
229 KEY_A 0;-30000 0;0
230 KEY_A;KEY_ZL 0;-30000 0;0
231 KEY_A;KEY_ZL 0;-30000 0;0
232 KEY_A;KEY_ZL 0;-30000 0;0
233 KEY_A;KEY_ZL 0;-30000 0;0
234 KEY_A;KEY_ZL 0;-30000 0;0
235 KEY_ZL;KEY_Y 0;-30000 0;0
236 KEY_ZL;KEY_Y 0;-30000 0;0
237 KEY_ZL;KEY_Y 0;-30000 0;0
238 KEY_ZL;KEY_Y 0;-30000 0;0
239 KEY_ZL;KEY_Y 0;-30000 0;0
240 NONE 0;-30000 0;0
241 NONE 0;-30000 0;0
242 NONE 0;-30000 0;0
243 NONE 0;-30000 0;0
244 NONE 0;-30000 0;0
245 NONE 0;-30000 0;0
246 NONE 0;-30000 0;0
247 NONE 0;-30000 0;0
248 NONE 0;-30000 0;0
249 NONE 0;-30000 0;0
250 NONE 0;-30000 0;0
251 NONE 0;-30000 0;0
252 NONE 0;-30000 0;0
253 NONE 0;-30000 0;0
254 NONE 0;-30000 0;0
255 NONE 0;-30000 0;0
256 NONE 0;-30000 0;0
257 NONE 0;-30000 0;0
258 NONE 0;-30000 0;0
259 NONE 0;-30000 0;0
260 NONE 0;-30000 0;0
261 NONE 0;-30000 0;0
262 NONE 0;-30000 0;0
263 NONE 0;-30000 0;0
264 NONE 0;-30000 0;0
265 NONE 0;-30000 0;0
266 NONE 0;-30000 0;0
267 NONE 0;-30000 0;0
268 NONE 0;-30000 0;0
269 NONE 0;-30000 0;0
270 NONE 0;-30000 0;0
271 NONE 0;-30000 0;0
272 NONE 0;-30000 0;0
273 NONE 0;-30000 0;0
274 NONE 0;-30000 0;0
275 NONE 0;-30000 0;0
276 NONE 0;-30000 0;0
277 NONE 0;-30000 0;0
278 NONE 0;-30000 0;0
279 NONE 0;-30000 0;0
280 NONE 0;-30000 0;0
281 NONE 0;-30000 0;0
282 NONE 0;-30000 0;0
283 NONE 0;-30000 0;0
284 NONE 0;-30000 0;0
285 NONE 0;-30000 0;0
286 NONE 0;-30000 0;0
287 NONE 0;-30000 0;0
288 NONE 0;-30000 0;0
289 NONE 0;-30000 0;0
290 NONE 0;-30000 0;0
291 NONE 0;-30000 0;0
292 NONE 0;-30000 0;0
293 NONE 0;-30000 0;0
294 NONE 0;-30000 0;0
295 NONE 0;-30000 0;0
296 NONE 0;-30000 0;0
297 NONE 0;-30000 0;0
298 NONE 0;-30000 0;0
299 NONE 0;-30000 0;0
300 KEY_A 0;-30000 0;0
301 KEY_A 0;-30000 0;0
302 KEY_A 0;-30000 0;0
303 KEY_A 0;-30000 0;0
304 KEY_A 0;-30000 0;0
305 KEY_A 0;-30000 0;0
306 KEY_A 0;-30000 0;0
307 KEY_A 0;-30000 0;0
308 KEY_A 0;-30000 0;0
309 KEY_A 0;-30000 0;0
310 KEY_A 0;-30000 0;0
311 KEY_A 0;-30000 0;0
312 KEY_A 0;-30000 0;0
313 KEY_A 0;-30000 0;0
314 KEY_A 0;-30000 0;0
315 KEY_A 0;-30000 0;0
316 KEY_A 0;-30000 0;0
317 KEY_A 0;-30000 0;0
318 KEY_A 0;-30000 0;0
319 KEY_A 0;-30000 0;0
320 KEY_ZL 0;-30000 0;0
321 KEY_ZL 0;-30000 0;0
322 KEY_ZL 0;-30000 0;0
323 KEY_ZL 0;-30000 0;0
324 KEY_ZL 0;-30000 0;0
325 KEY_ZL 0;-30000 0;0
326 KEY_ZL 0;-30000 0;0
327 KEY_ZL 0;-30000 0;0
328 KEY_ZL 0;-30000 0;0
329 KEY_ZL 0;-30000 0;0
450 KEY_A 0;-30000 0;0
451 KEY_A 0;-30000 0;0
452 KEY_A 0;-30000 0;0
453 KEY_A 0;-30000 0;0
454 KEY_A 0;-30000 0;0
455 KEY_A 0;-30000 0;0
456 KEY_A 0;-30000 0;0
457 KEY_A 0;-30000 0;0
458 KEY_A 0;-30000 0;0
459 KEY_A 0;-30000 0;0
460 KEY_A 0;-30000 0;0
461 KEY_A 0;-30000 0;0
462 KEY_A 0;-30000 0;0
463 KEY_A 0;-30000 0;0
464 KEY_A 0;-30000 0;0
465 KEY_A 0;-30000 0;0
466 KEY_A 0;-30000 0;0
467 KEY_A 0;-30000 0;0
468 KEY_A 0;-30000 0;0
469 KEY_A 0;-30000 0;0
470 KEY_A 0;-30000 0;0
471 KEY_A 0;-30000 0;0
472 KEY_A 0;-30000 0;0
473 KEY_A 0;-30000 0;0
474 KEY_A 0;-30000 0;0
475 KEY_A 0;-30000 0;0
476 KEY_A 0;-30000 0;0
477 KEY_A 0;-30000 0;0
478 KEY_A 0;-30000 0;0
479 KEY_A 0;-30000 0;0
480 KEY_A 0;-30000 0;0
481 KEY_A 0;-30000 0;0
482 KEY_A 0;-30000 0;0
483 KEY_A 0;-30000 0;0
484 KEY_A 0;-30000 0;0
485 KEY_A 0;-30000 0;0
486 KEY_A 0;-30000 0;0
487 KEY_A 0;-30000 0;0
488 KEY_A 0;-30000 0;0
489 KEY_A 0;-30000 0;0
490 KEY_A 0;-30000 0;0
491 KEY_A 0;-30000 0;0
492 KEY_A 0;-30000 0;0
493 KEY_A 0;-30000 0;0
494 KEY_A 0;-30000 0;0
495 KEY_A 0;-30000 0;0
496 KEY_A 0;-30000 0;0
497 KEY_A 0;-30000 0;0
498 KEY_A 0;-30000 0;0
499 KEY_A 0;-30000 0;0
500 KEY_Y 0;-30000 0;0
501 KEY_Y 0;-30000 0;0
502 KEY_Y 0;-30000 0;0
503 KEY_Y 0;-30000 0;0
504 KEY_Y 0;-30000 0;0
505 KEY_Y 0;-30000 0;0
506 KEY_Y 0;-30000 0;0
507 KEY_Y 0;-30000 0;0
508 KEY_Y 0;-30000 0;0
509 KEY_Y 0;-30000 0;0
510 KEY_Y 0;-30000 0;0
511 KEY_Y 0;-30000 0;0
512 KEY_Y 0;-30000 0;0
513 KEY_Y 0;-30000 0;0
514 KEY_Y 0;-30000 0;0
515 KEY_Y 0;-30000 0;0
516 KEY_Y 0;-30000 0;0
517 KEY_Y 0;-30000 0;0
518 KEY_Y 0;-30000 0;0
519 KEY_Y 0;-30000 0;0
520 KEY_Y 0;-30000 0;0
521 KEY_Y 0;-30000 0;0
522 KEY_Y 0;-30000 0;0
523 KEY_Y 0;-30000 0;0
524 KEY_Y 0;-30000 0;0
525 KEY_Y 0;-30000 0;0
526 KEY_Y 0;-30000 0;0
527 KEY_Y 0;-30000 0;0
528 KEY_Y 0;-30000 0;0
529 KEY_Y 0;-30000 0;0
530 KEY_Y;KEY_ZL 0;-30000 0;0
531 KEY_Y;KEY_ZL 0;-30000 0;0
532 KEY_Y;KEY_ZL 0;-30000 0;0
533 KEY_Y;KEY_ZL 0;-30000 0;0
534 KEY_Y;KEY_ZL 0;-30000 0;0
535 KEY_ZL 0;0 0;-30000
536 KEY_ZL 0;0 0;-30000
537 KEY_ZL 0;0 0;-30000
538 KEY_ZL 0;0 0;-30000
539 KEY_ZL 0;0 0;-30000
540 KEY_Y;KEY_ZL -30000;0 0;0
541 KEY_Y;KEY_ZL -30000;0 0;0
542 KEY_Y;KEY_ZL -30000;0 0;0
543 KEY_Y;KEY_ZL -30000;0 0;0
544 KEY_Y;KEY_ZL -30000;0 0;0
545 KEY_Y;KEY_ZL -30000;0 0;0
546 KEY_Y;KEY_ZL -30000;0 0;0
547 KEY_Y;KEY_ZL -30000;0 0;0
548 KEY_Y;KEY_ZL -30000;0 0;0
549 KEY_Y;KEY_ZL -30000;0 0;0
550 KEY_Y;KEY_ZL -30000;0 0;0
551 KEY_Y;KEY_ZL -30000;0 0;0
552 KEY_Y;KEY_ZL -30000;0 0;0
553 KEY_Y;KEY_ZL -30000;0 0;0
554 KEY_Y;KEY_ZL -30000;0 0;0
555 KEY_Y;KEY_ZL -30000;0 0;0
556 KEY_Y;KEY_ZL -30000;0 0;0
557 KEY_Y;KEY_ZL -30000;0 0;0
558 KEY_Y;KEY_ZL -30000;0 0;0
559 KEY_Y;KEY_ZL -30000;0 0;0
560 KEY_Y;KEY_ZL -30000;0 0;0
561 KEY_Y;KEY_ZL -30000;0 0;0
562 KEY_Y;KEY_ZL -30000;0 0;0
563 KEY_Y;KEY_ZL -30000;0 0;0
564 KEY_Y;KEY_ZL -30000;0 0;0
565 KEY_Y;KEY_ZL -30000;0 0;0
566 KEY_Y;KEY_ZL -30000;0 0;0
567 KEY_Y;KEY_ZL -30000;0 0;0
568 KEY_Y;KEY_ZL -30000;0 0;0
569 KEY_Y;KEY_ZL -30000;0 0;0
570 KEY_Y;KEY_ZL -30000;0 0;0
571 KEY_Y;KEY_ZL -30000;0 0;0
572 KEY_Y;KEY_ZL -30000;0 0;0
573 KEY_Y;KEY_ZL -30000;0 0;0
574 KEY_Y;KEY_ZL -30000;0 0;0
575 KEY_Y;KEY_ZL -30000;0 0;0
576 KEY_Y;KEY_ZL -30000;0 0;0
577 KEY_Y;KEY_ZL -30000;0 0;0
578 KEY_Y;KEY_ZL -30000;0 0;0
579 KEY_Y;KEY_ZL -30000;0 0;0
580 KEY_Y;KEY_ZL -30000;0 0;0
581 KEY_Y;KEY_ZL -30000;0 0;0
582 KEY_Y;KEY_ZL -30000;0 0;0
583 KEY_Y;KEY_ZL -30000;0 0;0
584 KEY_Y;KEY_ZL -30000;0 0;0
585 KEY_Y;KEY_ZL -30000;0 0;0
586 KEY_Y;KEY_ZL -30000;0 0;0
587 KEY_Y;KEY_ZL -30000;0 0;0
588 KEY_Y;KEY_ZL -30000;0 0;0
589 KEY_Y;KEY_ZL -30000;0 0;0
590 KEY_Y;KEY_ZL -30000;0 0;0
591 KEY_Y;KEY_ZL -30000;0 0;0
592 KEY_Y;KEY_ZL -30000;0 0;0
593 KEY_Y;KEY_ZL -30000;0 0;0
594 KEY_Y;KEY_ZL -30000;0 0;0
595 KEY_Y;KEY_ZL -30000;0 0;0
596 KEY_Y;KEY_ZL -30000;0 0;0
597 KEY_Y;KEY_ZL -30000;0 0;0
598 KEY_Y;KEY_ZL -30000;0 0;0
599 KEY_Y;KEY_ZL -30000;0 0;0
600 KEY_A 0;0 0;0
601 KEY_A 0;0 0;0
602 KEY_A 0;0 0;0
603 KEY_A 0;0 0;0
604 KEY_A 0;0 0;0
635 NONE 0;-30000 0;0
636 NONE 0;-30000 0;0
637 NONE 0;-30000 0;0
638 NONE 0;-30000 0;0
639 NONE 0;-30000 0;0
640 NONE 0;-30000 0;0
641 NONE 0;-30000 0;0
642 NONE 0;-30000 0;0
643 NONE 0;-30000 0;0
644 NONE 0;-30000 0;0
645 NONE 0;-30000 0;0
646 NONE 0;-30000 0;0
647 NONE 0;-30000 0;0
648 NONE 0;-30000 0;0
649 NONE 0;-30000 0;0
650 NONE 0;-30000 0;0
651 NONE 0;-30000 0;0
652 NONE 0;-30000 0;0
653 NONE 0;-30000 0;0
654 NONE 0;-30000 0;0
655 NONE 0;-30000 0;0
656 NONE 0;-30000 0;0
657 NONE 0;-30000 0;0
658 NONE 0;-30000 0;0
659 NONE 0;-30000 0;0
660 NONE 0;-30000 0;0
661 NONE 0;-30000 0;0
662 NONE 0;-30000 0;0
663 NONE 0;-30000 0;0
664 NONE 0;-30000 0;0
665 NONE 0;-30000 0;0
666 NONE 0;-30000 0;0
667 NONE 0;-30000 0;0
668 NONE 0;-30000 0;0
669 NONE 0;-30000 0;0
670 NONE 0;-30000 0;0
671 NONE 0;-30000 0;0
672 NONE 0;-30000 0;0
673 NONE 0;-30000 0;0
674 NONE 0;-30000 0;0
675 NONE 0;-30000 0;0
676 NONE 0;-30000 0;0
677 NONE 0;-30000 0;0
678 NONE 0;-30000 0;0
679 NONE 0;-30000 0;0
680 NONE 0;-30000 0;0
681 NONE 0;-30000 0;0
682 NONE 0;-30000 0;0
683 NONE 0;-30000 0;0
684 NONE 0;-30000 0;0
685 NONE 0;-30000 0;0
686 NONE 0;-30000 0;0
687 NONE 0;-30000 0;0
688 NONE 0;-30000 0;0
689 NONE 0;-30000 0;0
690 NONE 0;-30000 0;0
691 NONE 0;-30000 0;0
692 NONE 0;-30000 0;0
693 NONE 0;-30000 0;0
694 NONE 0;-30000 0;0
695 NONE 0;-30000 0;0
696 NONE 0;-30000 0;0
697 NONE 0;-30000 0;0
698 NONE 0;-30000 0;0
699 NONE 0;-30000 0;0
700 NONE 0;-30000 0;0
701 NONE 0;-30000 0;0
702 NONE 0;-30000 0;0
703 NONE 0;-30000 0;0
704 NONE 0;-30000 0;0
705 NONE 0;-30000 0;0
706 NONE 0;-30000 0;0
707 NONE 0;-30000 0;0
708 NONE 0;-30000 0;0
709 NONE 0;-30000 0;0
710 NONE 0;-30000 0;0
711 NONE 0;-30000 0;0
712 NONE 0;-30000 0;0
743 NONE 10000;10000 0;0
744 NONE 10000;10000 0;0
745 NONE 10000;10000 0;0
746 NONE 10000;10000 0;0
747 NONE 10000;10000 0;0
748 NONE 10000;10000 0;0
749 NONE 10000;10000 0;0
750 NONE 10000;10000 0;0
751 NONE 10000;10000 0;0
752 NONE 10000;10000 0;0
753 NONE 10000;10000 0;0
754 NONE 10000;10000 0;0
755 NONE 10000;10000 0;0
756 NONE 10000;10000 0;0
757 NONE 10000;10000 0;0
788 NONE -30000;0 0;0
789 NONE -30000;0 0;0
790 NONE -30000;0 0;0
791 NONE -30000;0 0;0
792 NONE -30000;0 0;0
793 NONE -30000;0 0;0
794 NONE -30000;0 0;0
795 NONE -30000;0 0;0
796 NONE -30000;0 0;0
797 NONE -30000;0 0;0
798 NONE -30000;0 0;0
799 NONE -30000;0 0;0
800 NONE -30000;0 0;0
801 NONE -30000;0 0;0
802 NONE -30000;0 0;0
803 NONE -30000;0 0;0
804 NONE -30000;0 0;0
805 NONE -30000;0 0;0
806 NONE -30000;0 0;0
807 NONE -30000;0 0;0
808 NONE -30000;0 0;0
809 NONE -30000;0 0;0
810 NONE -30000;0 0;0
811 NONE -30000;0 0;0
812 NONE -30000;0 0;0
813 NONE -30000;0 0;0
814 NONE -30000;0 0;0
815 NONE -30000;0 0;0
816 NONE -30000;0 0;0
817 NONE -30000;0 0;0
818 NONE -30000;0 0;0
819 NONE -30000;0 0;0
820 NONE -30000;0 0;0
821 NONE -30000;0 0;0
822 NONE -30000;0 0;0
823 NONE -30000;0 0;0
824 NONE -30000;0 0;0
825 NONE -30000;0 0;0
826 NONE -30000;0 0;0
827 NONE -30000;0 0;0
828 NONE -30000;0 0;0
829 NONE -30000;0 0;0
830 NONE -30000;0 0;0
831 NONE -30000;0 0;0
832 NONE -30000;0 0;0
833 NONE -30000;0 0;0
834 NONE -30000;0 0;0
835 NONE -30000;0 0;0
836 NONE -30000;0 0;0
837 NONE -30000;0 0;0
838 NONE -30000;0 0;0
839 NONE -30000;0 0;0
840 NONE -30000;0 0;0
841 NONE -30000;0 0;0
842 NONE -30000;0 0;0
843 NONE -30000;0 0;0
844 NONE -30000;0 0;0
845 NONE -30000;0 0;0
846 NONE -30000;0 0;0
847 NONE -30000;0 0;0
848 NONE -30000;0 0;0
849 NONE -30000;0 0;0
850 NONE -30000;0 0;0
851 NONE -30000;0 0;0
852 NONE -30000;0 0;0
853 NONE -30000;0 0;0
854 NONE -30000;0 0;0
855 NONE -30000;0 0;0
856 NONE -30000;0 0;0
857 NONE -30000;0 0;0
858 NONE -30000;0 0;0
859 NONE -30000;0 0;0
860 NONE -30000;0 0;0
861 NONE -30000;0 0;0
862 NONE -30000;0 0;0
863 NONE -30000;0 0;0
864 NONE -30000;0 0;0
865 NONE -30000;0 0;0
866 NONE -30000;0 0;0
867 NONE -30000;0 0;0
898 NONE 30000;0 0;0
899 NONE 30000;0 0;0
900 NONE 30000;0 0;0
901 NONE 30000;0 0;0
902 NONE 30000;0 0;0
903 NONE 30000;0 0;0
904 NONE 30000;0 0;0
905 NONE 30000;0 0;0
906 NONE 30000;0 0;0
907 NONE 30000;0 0;0
908 NONE 30000;0 0;0
909 NONE 30000;0 0;0
910 NONE 30000;0 0;0
911 NONE 30000;0 0;0
912 NONE 30000;0 0;0
973 KEY_A 0;0 0;0
974 KEY_A 0;0 0;0
975 KEY_A 0;0 0;0
976 KEY_A 0;0 0;0
977 KEY_A 0;0 0;0
1058 NONE 30000;0 0;0
1059 NONE 30000;0 0;0
1060 NONE 30000;0 0;0
1061 NONE 30000;0 0;0
1062 NONE 30000;0 0;0
1063 NONE 30000;0 0;0
1064 NONE 30000;0 0;0
1065 NONE 30000;0 0;0
1066 NONE 30000;0 0;0
1067 NONE 30000;0 0;0
1068 KEY_A 30000;0 0;0
1069 KEY_A 30000;0 0;0
1070 KEY_A 30000;0 0;0
1071 KEY_A 30000;0 0;0
1072 KEY_A 30000;0 0;0
1073 NONE 30000;0 0;0
1074 NONE 30000;0 0;0
1075 NONE 30000;0 0;0
1076 NONE 30000;0 0;0
1077 NONE 30000;0 0;0
1078 NONE 30000;0 0;0
1079 NONE 30000;0 0;0
1080 NONE 30000;0 0;0
1081 NONE 30000;0 0;0
1082 NONE 30000;0 0;0
1083 NONE 30000;0 0;0
1084 NONE 30000;0 0;0
1085 NONE 30000;0 0;0
1086 NONE 30000;0 0;0
1087 NONE 30000;0 0;0
1088 NONE 30000;0 0;0
1089 NONE 30000;0 0;0
1090 NONE 30000;0 0;0
1091 NONE 30000;0 0;0
1092 NONE 30000;0 0;0
1093 NONE 30000;0 0;0
1094 NONE 30000;0 0;0
1095 NONE 30000;0 0;0
1096 NONE 30000;0 0;0
1097 NONE 30000;0 0;0
1098 NONE 30000;0 0;0
1099 NONE 30000;0 0;0
1100 NONE 30000;0 0;0
1101 NONE 30000;0 0;0
1102 NONE 30000;0 0;0
1103 KEY_A 30000;0 0;0
1104 KEY_A 30000;0 0;0
1105 KEY_A 30000;0 0;0
1106 KEY_A 30000;0 0;0
1107 KEY_A 30000;0 0;0
1108 KEY_A 30000;0 0;0
1109 KEY_A 30000;0 0;0
1110 KEY_A 30000;0 0;0
1111 KEY_A 30000;0 0;0
1112 KEY_A 30000;0 0;0
1113 KEY_A 30000;0 0;0
1114 KEY_A 30000;0 0;0
1115 KEY_A 30000;0 0;0
1116 KEY_A 30000;0 0;0
1117 KEY_A 30000;0 0;0
1118 KEY_A 30000;0 0;0
1119 KEY_A 30000;0 0;0
1120 KEY_A 30000;0 0;0
1121 KEY_A 30000;0 0;0
1122 KEY_A 30000;0 0;0
1123 KEY_A 30000;0 0;0
1124 KEY_A 30000;0 0;0
1125 KEY_A 30000;0 0;0
1126 KEY_A 30000;0 0;0
1127 KEY_A 30000;0 0;0
1128 KEY_A 30000;0 0;0
1129 KEY_A 30000;0 0;0
1130 KEY_A 30000;0 0;0
1131 KEY_A 30000;0 0;0
1132 KEY_A 30000;0 0;0
1133 KEY_A -30000;0 0;0
1134 KEY_A -30000;0 0;0
1135 KEY_A -30000;0 0;0
1136 KEY_A -30000;0 0;0
1137 KEY_A -30000;0 0;0
1138 KEY_A -30000;0 0;0
1139 KEY_A -30000;0 0;0
1140 KEY_A -30000;0 0;0
1141 KEY_A -30000;0 0;0
1142 KEY_A -30000;0 0;0
1143 KEY_Y;KEY_A -30000;0 0;0
1144 KEY_Y;KEY_A -30000;0 0;0
1145 KEY_Y;KEY_A -30000;0 0;0
1146 KEY_Y;KEY_A -30000;0 0;0
1147 KEY_Y;KEY_A -30000;0 0;0
1148 KEY_Y;KEY_A -30000;0 0;0
1149 KEY_Y;KEY_A -30000;0 0;0
1150 KEY_Y;KEY_A -30000;0 0;0
1151 KEY_Y;KEY_A -30000;0 0;0
1152 KEY_Y;KEY_A -30000;0 0;0
1153 KEY_Y;KEY_A -30000;0 0;0
1154 KEY_Y;KEY_A -30000;0 0;0
1155 KEY_Y;KEY_A -30000;0 0;0
1156 KEY_Y;KEY_A -30000;0 0;0
1157 KEY_Y;KEY_A -30000;0 0;0
1158 KEY_Y;KEY_A -30000;0 0;0
1159 KEY_Y;KEY_A -30000;0 0;0
1160 KEY_Y;KEY_A -30000;0 0;0
1161 KEY_Y;KEY_A -30000;0 0;0
1162 KEY_Y;KEY_A -30000;0 0;0
1163 KEY_Y;KEY_A -30000;0 0;0
1164 KEY_Y;KEY_A -30000;0 0;0
1165 KEY_Y;KEY_A -30000;0 0;0
1166 KEY_Y;KEY_A -30000;0 0;0
1167 KEY_Y;KEY_A -30000;0 0;0
1168 KEY_Y;KEY_A -30000;0 0;0
1169 KEY_Y;KEY_A -30000;0 0;0
1170 KEY_Y;KEY_A -30000;0 0;0
1171 KEY_Y;KEY_A -30000;0 0;0
1172 KEY_Y;KEY_A -30000;0 0;0
1173 KEY_ZL;KEY_Y 0;0 -30000;0
1174 KEY_ZL;KEY_Y 0;0 -30000;0
1175 KEY_ZL;KEY_Y 0;0 -30000;0
1176 KEY_ZL;KEY_Y 0;0 -30000;0
1177 KEY_ZL;KEY_Y 0;0 -30000;0
1178 KEY_ZL 0;0 -30000;0
1179 KEY_ZL 0;0 -30000;0
1180 KEY_ZL 0;0 -30000;0
1181 KEY_ZL 0;0 -30000;0
1182 KEY_ZL 0;0 -30000;0
1183 KEY_ZL;KEY_Y -30000;0 0;0
1184 KEY_ZL;KEY_Y -30000;0 0;0
1185 KEY_ZL;KEY_Y -30000;0 0;0
1186 KEY_ZL;KEY_Y -30000;0 0;0
1187 KEY_ZL;KEY_Y -30000;0 0;0
1188 KEY_ZL;KEY_Y -30000;0 0;0
1189 KEY_ZL;KEY_Y -30000;0 0;0
1190 KEY_ZL;KEY_Y -30000;0 0;0
1191 KEY_ZL;KEY_Y -30000;0 0;0
1192 KEY_ZL;KEY_Y -30000;0 0;0
1193 KEY_ZL;KEY_Y -30000;0 0;0
1194 KEY_ZL;KEY_Y -30000;0 0;0
1195 KEY_ZL;KEY_Y -30000;0 0;0
1196 KEY_ZL;KEY_Y -30000;0 0;0
1197 KEY_ZL;KEY_Y -30000;0 0;0
1198 KEY_ZL;KEY_Y -30000;0 0;0
1199 KEY_ZL;KEY_Y -30000;0 0;0
1200 KEY_ZL;KEY_Y -30000;0 0;0
1201 KEY_ZL;KEY_Y -30000;0 0;0
1202 KEY_ZL;KEY_Y -30000;0 0;0
1233 KEY_Y -30000;0 0;0
1234 KEY_Y -30000;0 0;0
1235 KEY_Y -30000;0 0;0
1236 KEY_Y -30000;0 0;0
1237 KEY_Y -30000;0 0;0
1238 KEY_Y -30000;0 0;0
1239 KEY_Y -30000;0 0;0
1240 KEY_Y -30000;0 0;0
1241 KEY_Y -30000;0 0;0
1242 KEY_Y -30000;0 0;0
1243 NONE -30000;0 0;0
1244 NONE -30000;0 0;0
1245 NONE -30000;0 0;0
1246 NONE -30000;0 0;0
1247 NONE -30000;0 0;0
1248 NONE -30000;0 0;0
1249 NONE -30000;0 0;0
1250 NONE -30000;0 0;0
1251 NONE -30000;0 0;0
1252 NONE -30000;0 0;0
1253 NONE -30000;0 0;0
1254 NONE -30000;0 0;0
1255 NONE -30000;0 0;0
1256 NONE -30000;0 0;0
1257 NONE -30000;0 0;0
1258 NONE -30000;0 0;0
1259 NONE -30000;0 0;0
1260 NONE -30000;0 0;0
1261 NONE -30000;0 0;0
1262 NONE -30000;0 0;0
1263 NONE -30000;0 0;0
1264 NONE -30000;0 0;0
1265 NONE -30000;0 0;0
1266 NONE -30000;0 0;0
1267 NONE -30000;0 0;0
1268 NONE -30000;0 0;0
1269 NONE -30000;0 0;0
1270 NONE -30000;0 0;0
1271 NONE -30000;0 0;0
1272 NONE -30000;0 0;0
1273 NONE -30000;0 0;0
1274 NONE -30000;0 0;0
1275 NONE -30000;0 0;0
1276 NONE -30000;0 0;0
1277 NONE -30000;0 0;0
1278 NONE -30000;0 0;0
1279 NONE -30000;0 0;0
1280 NONE -30000;0 0;0
1281 NONE -30000;0 0;0
1282 NONE -30000;0 0;0
1283 KEY_A 0;0 0;0
1284 KEY_A 0;0 0;0
1285 KEY_A 0;0 0;0
1286 KEY_A 0;0 0;0
1287 KEY_A 0;0 0;0
1288 KEY_A 0;0 0;0
1289 KEY_A 0;0 0;0
1290 KEY_A 0;0 0;0
1291 KEY_A 0;0 0;0
1292 KEY_A 0;0 0;0
1293 KEY_A 0;0 0;0
1294 KEY_A 0;0 0;0
1295 KEY_A 0;0 0;0
1296 KEY_A 0;0 0;0
1297 KEY_A 0;0 0;0
1298 KEY_A 0;0 0;0
1299 KEY_A 0;0 0;0
1300 KEY_A 0;0 0;0
1301 KEY_A 0;0 0;0
1302 KEY_A 0;0 0;0
1303 KEY_A 0;0 0;0
1304 KEY_A 0;0 0;0
1305 KEY_A 0;0 0;0
1306 KEY_A 0;0 0;0
1307 KEY_A 0;0 0;0
1308 KEY_A;KEY_Y 0;0 0;0
1309 KEY_A;KEY_Y 0;0 0;0
1310 KEY_A;KEY_Y 0;0 0;0
1311 KEY_A;KEY_Y 0;0 0;0
1312 KEY_A;KEY_Y 0;0 0;0
1313 KEY_A;KEY_Y -30000;0 0;0
1314 KEY_A;KEY_Y -30000;0 0;0
1315 KEY_A;KEY_Y -30000;0 0;0
1316 KEY_A;KEY_Y -30000;0 0;0
1317 KEY_A;KEY_Y -30000;0 0;0
1318 KEY_A;KEY_Y -30000;0 0;0
1319 KEY_A;KEY_Y -30000;0 0;0
1320 KEY_A;KEY_Y -30000;0 0;0
1321 KEY_A;KEY_Y -30000;0 0;0
1322 KEY_A;KEY_Y -30000;0 0;0
1323 KEY_A;KEY_Y -30000;0 0;0
1324 KEY_A;KEY_Y -30000;0 0;0
1325 KEY_A;KEY_Y -30000;0 0;0
1326 KEY_A;KEY_Y -30000;0 0;0
1327 KEY_A;KEY_Y -30000;0 0;0
1328 KEY_ZL -30000;0 0;0
1329 KEY_ZL -30000;0 0;0
1330 KEY_ZL -30000;0 0;0
1331 KEY_ZL -30000;0 0;0
1332 KEY_ZL -30000;0 0;0
1333 KEY_Y;KEY_ZL -30000;0 0;0
1334 KEY_Y;KEY_ZL -30000;0 0;0
1335 KEY_Y;KEY_ZL -30000;0 0;0
1336 KEY_Y;KEY_ZL -30000;0 0;0
1337 KEY_Y;KEY_ZL -30000;0 0;0
1338 KEY_Y;KEY_ZL -30000;0 0;0
1339 KEY_Y;KEY_ZL -30000;0 0;0
1340 KEY_Y;KEY_ZL -30000;0 0;0
1341 KEY_Y;KEY_ZL -30000;0 0;0
1342 KEY_Y;KEY_ZL -30000;0 0;0
1343 KEY_Y;KEY_ZL -30000;0 0;0
1344 KEY_Y;KEY_ZL -30000;0 0;0
1345 KEY_Y;KEY_ZL -30000;0 0;0
1346 KEY_Y;KEY_ZL -30000;0 0;0
1347 KEY_Y;KEY_ZL -30000;0 0;0
1348 KEY_Y;KEY_ZL -30000;0 0;0
1349 KEY_Y;KEY_ZL -30000;0 0;0
1350 KEY_Y;KEY_ZL -30000;0 0;0
1351 KEY_Y;KEY_ZL -30000;0 0;0
1352 KEY_Y;KEY_ZL -30000;0 0;0
1353 KEY_Y;KEY_ZL -30000;0 0;0
1354 KEY_Y;KEY_ZL -30000;0 0;0
1355 KEY_Y;KEY_ZL -30000;0 0;0
1356 KEY_Y;KEY_ZL -30000;0 0;0
1357 KEY_Y;KEY_ZL -30000;0 0;0
1358 KEY_Y;KEY_ZL -30000;0 0;0
1359 KEY_Y;KEY_ZL -30000;0 0;0
1360 KEY_Y;KEY_ZL -30000;0 0;0
1361 KEY_Y;KEY_ZL -30000;0 0;0
1362 KEY_Y;KEY_ZL -30000;0 0;0
1863 NONE 0;-30000 0;0
1864 NONE 0;-30000 0;0
1865 NONE 0;-30000 0;0
1866 NONE 0;-30000 0;0
1867 NONE 0;-30000 0;0
1868 NONE 0;-30000 0;0
1869 NONE 0;-30000 0;0
1870 NONE 0;-30000 0;0
1871 NONE 0;-30000 0;0
1872 NONE 0;-30000 0;0
1873 NONE 0;-30000 0;0
1874 NONE 0;-30000 0;0
1875 NONE 0;-30000 0;0
1876 NONE 0;-30000 0;0
1877 NONE 0;-30000 0;0
1878 NONE 0;-30000 0;0
1879 NONE 0;-30000 0;0
1880 NONE 0;-30000 0;0
1881 NONE 0;-30000 0;0
1882 NONE 0;-30000 0;0
1883 NONE 0;-30000 0;0
1884 NONE 0;-30000 0;0
1885 NONE 0;-30000 0;0
1886 NONE 0;-30000 0;0
1887 NONE 0;-30000 0;0
1888 NONE 0;-30000 0;0
1889 NONE 0;-30000 0;0
1890 NONE 0;-30000 0;0
1891 NONE 0;-30000 0;0
1892 NONE 0;-30000 0;0
1893 NONE 0;-30000 0;0
1894 NONE 0;-30000 0;0
1895 NONE 0;-30000 0;0
1896 NONE 0;-30000 0;0
1897 NONE 0;-30000 0;0
1898 NONE 0;-30000 0;0
1899 NONE 0;-30000 0;0
1900 NONE 0;-30000 0;0
1901 NONE 0;-30000 0;0
1902 NONE 0;-30000 0;0
1903 NONE 0;-30000 0;0
1904 NONE 0;-30000 0;0
1905 NONE 0;-30000 0;0
1906 NONE 0;-30000 0;0
1907 NONE 0;-30000 0;0
1908 NONE 0;-30000 0;0
1909 NONE 0;-30000 0;0
1910 NONE 0;-30000 0;0
1911 NONE 0;-30000 0;0
1912 NONE 0;-30000 0;0
1913 NONE 0;-30000 0;0
1914 NONE 0;-30000 0;0
1915 NONE 0;-30000 0;0
1916 NONE 0;-30000 0;0
1917 NONE 0;-30000 0;0
1918 NONE 0;-30000 0;0
1919 NONE 0;-30000 0;0
1920 NONE 0;-30000 0;0
1921 NONE 0;-30000 0;0
1922 NONE 0;-30000 0;0
1923 NONE 0;-30000 0;0
1924 NONE 0;-30000 0;0
1925 NONE 0;-30000 0;0
1926 NONE 0;-30000 0;0
1927 NONE 0;-30000 0;0
1928 NONE 0;-30000 0;0
1929 NONE 0;-30000 0;0
1930 NONE 0;-30000 0;0
1931 NONE 0;-30000 0;0
1932 NONE 0;-30000 0;0
1933 NONE 0;-30000 0;0
1934 NONE 0;-30000 0;0
1935 NONE 0;-30000 0;0
1936 NONE 0;-30000 0;0
1937 NONE 0;-30000 0;0
1938 NONE 0;-30000 0;0
1939 NONE 0;-30000 0;0
1940 NONE 0;-30000 0;0
1941 NONE 0;-30000 0;0
1942 NONE 0;-30000 0;0
1943 NONE 0;-30000 0;0
1944 NONE 0;-30000 0;0
1945 NONE 0;-30000 0;0
1946 NONE 0;-30000 0;0
1947 NONE 0;-30000 0;0
1948 NONE 0;-30000 0;0
1949 NONE 0;-30000 0;0
1950 NONE 0;-30000 0;0
1951 NONE 0;-30000 0;0
1952 NONE 0;-30000 0;0
1953 NONE 0;-30000 0;0
1954 NONE 0;-30000 0;0
1955 NONE 0;-30000 0;0
1956 NONE 0;-30000 0;0
1957 NONE 0;-30000 0;0
1958 NONE 0;-30000 0;0
1959 NONE 0;-30000 0;0
1960 NONE 0;-30000 0;0
1961 NONE 0;-30000 0;0
1962 NONE 0;-30000 0;0
1963 NONE 0;-30000 0;0
1964 NONE 0;-30000 0;0
1965 NONE 0;-30000 0;0
1966 NONE 0;-30000 0;0
1967 NONE 0;-30000 0;0
1968 NONE 0;-30000 0;0
1969 NONE 0;-30000 0;0
1970 NONE 0;-30000 0;0
1971 NONE 0;-30000 0;0
1972 NONE 0;-30000 0;0
1973 NONE 0;-30000 0;0
1974 NONE 0;-30000 0;0
1975 NONE 0;-30000 0;0
1976 NONE 0;-30000 0;0
1977 NONE 0;-30000 0;0
1978 NONE 0;-30000 0;0
1979 NONE 0;-30000 0;0
1980 NONE 0;-30000 0;0
1981 NONE 0;-30000 0;0
1982 NONE 0;-30000 0;0
