0 NONE 0;30000 0;0
1 NONE 0;30000 0;0
2 NONE 0;30000 0;0
3 NONE 0;30000 0;0
4 NONE 0;30000 0;0
5 NONE 0;30000 0;0
6 NONE 0;30000 0;0
7 NONE 0;30000 0;0
8 NONE 0;30000 0;0
9 NONE 0;30000 0;0
10 NONE 0;30000 0;0
11 NONE 0;30000 0;0
12 NONE 0;30000 0;0
13 NONE 0;30000 0;0
14 NONE 0;30000 0;0
15 NONE 0;30000 0;0
16 NONE 0;30000 0;0
17 NONE 0;30000 0;0
18 NONE 0;30000 0;0
19 NONE 0;30000 0;0
20 NONE 0;30000 0;0
21 NONE 0;30000 0;0
22 NONE 0;30000 0;0
23 NONE 0;30000 0;0
24 NONE 0;30000 0;0
25 NONE 0;30000 0;0
26 NONE 0;30000 0;0
27 NONE 0;30000 0;0
28 NONE 0;30000 0;0
29 NONE 0;30000 0;0
30 NONE 0;30000 0;0
31 NONE 0;30000 0;0
32 NONE 0;30000 0;0
33 NONE 0;30000 0;0
34 NONE 0;30000 0;0
35 NONE 0;30000 0;0
36 NONE 0;30000 0;0
37 NONE 0;30000 0;0
38 NONE 0;30000 0;0
39 NONE 0;30000 0;0
40 NONE 0;30000 0;0
41 NONE 0;30000 0;0
42 NONE 0;30000 0;0
43 NONE 0;30000 0;0
44 NONE 0;30000 0;0
45 NONE 0;30000 0;0
46 NONE 0;30000 0;0
47 NONE 0;30000 0;0
48 NONE 0;30000 0;0
49 NONE 0;30000 0;0
50 NONE 0;30000 0;0
51 NONE 0;30000 0;0
52 NONE 0;30000 0;0
53 NONE 0;30000 0;0
54 NONE 0;30000 0;0
55 NONE 0;30000 0;0
56 NONE 0;30000 0;0
57 NONE 0;30000 0;0
58 NONE 0;30000 0;0
59 NONE 0;30000 0;0
60 NONE 0;30000 0;0
61 NONE 0;30000 0;0
62 NONE 0;30000 0;0
63 NONE 0;30000 0;0
64 NONE 0;30000 0;0
65 NONE 0;30000 0;0
66 NONE 0;30000 0;0
67 NONE 0;30000 0;0
68 NONE 0;30000 0;0
69 NONE 0;30000 0;0
70 NONE 0;30000 0;0
71 NONE 0;30000 0;0
72 NONE 0;30000 0;0
73 NONE 0;30000 0;0
74 NONE 0;30000 0;0
75 NONE 0;30000 0;0
76 NONE 0;30000 0;0
77 NONE 0;30000 0;0
78 NONE 0;30000 0;0
79 NONE 0;30000 0;0
80 NONE 0;30000 0;0
81 NONE 0;30000 0;0
82 NONE 0;30000 0;0
83 NONE 0;30000 0;0
84 NONE 0;30000 0;0
85 NONE 0;30000 0;0
86 NONE 0;30000 0;0
87 NONE 0;30000 0;0
88 NONE 0;30000 0;0
89 NONE 0;30000 0;0
90 NONE 0;30000 0;0
91 NONE 0;30000 0;0
92 NONE 0;30000 0;0
93 NONE 0;30000 0;0
94 NONE 0;30000 0;0
95 NONE 0;30000 0;0
96 NONE 0;30000 0;0
97 NONE 0;30000 0;0
98 NONE 0;30000 0;0
99 NONE 0;30000 0;0
100 NONE 0;30000 0;0
101 NONE 0;30000 0;0
102 NONE 0;30000 0;0
103 NONE 0;30000 0;0
104 NONE 0;30000 0;0
105 NONE 0;30000 0;0
106 NONE 0;30000 0;0
107 NONE 0;30000 0;0
108 NONE 0;30000 0;0
109 NONE 0;30000 0;0
110 NONE 0;30000 0;0
111 NONE 0;30000 0;0
112 NONE 0;30000 0;0
113 NONE 0;30000 0;0
114 NONE 0;30000 0;0
115 NONE 0;30000 0;0
116 NONE 0;30000 0;0
117 NONE 0;30000 0;0
118 NONE 0;30000 0;0
119 NONE 0;30000 0;0
120 NONE 0;30000 0;0
121 NONE 0;30000 0;0
122 NONE 0;30000 0;0
123 NONE 0;30000 0;0
124 NONE 0;30000 0;0
125 NONE 0;30000 0;0
126 NONE 0;30000 0;0
127 NONE 0;30000 0;0
128 NONE 0;30000 0;0
129 NONE 0;30000 0;0
130 NONE 0;30000 0;0
131 NONE 0;30000 0;0
132 NONE 0;30000 0;0
133 NONE 0;30000 0;0
134 NONE 0;30000 0;0
135 NONE 0;30000 0;0
136 NONE 0;30000 0;0
137 NONE 0;30000 0;0
138 NONE 0;30000 0;0
139 NONE 0;30000 0;0
140 NONE 0;30000 0;0
141 NONE 0;30000 0;0
142 NONE 0;30000 0;0
143 NONE 0;30000 0;0
144 NONE 0;30000 0;0
145 NONE 0;30000 0;0
146 NONE 0;30000 0;0
147 NONE 0;30000 0;0
148 NONE 0;30000 0;0
149 NONE 0;30000 0;0
150 NONE 0;30000 0;0
151 NONE 0;30000 0;0
152 NONE 0;30000 0;0
153 NONE 0;30000 0;0
154 NONE 0;30000 0;0
155 NONE 0;30000 0;0
156 NONE 0;30000 0;0
157 NONE 0;30000 0;0
158 NONE 0;30000 0;0
159 NONE 0;30000 0;0
160 NONE 0;30000 0;0
161 NONE 0;30000 0;0
162 NONE 0;30000 0;0
163 NONE 0;30000 0;0
164 NONE 0;30000 0;0
165 NONE 0;30000 0;0
166 NONE 0;30000 0;0
167 NONE 0;30000 0;0
168 NONE 0;30000 0;0
169 NONE 0;30000 0;0
170 NONE 0;30000 0;0
171 NONE 0;30000 0;0
172 NONE 0;30000 0;0
173 NONE 0;30000 0;0
174 NONE 0;30000 0;0
175 NONE 0;30000 0;0
176 NONE 0;30000 0;0
177 NONE 0;30000 0;0
178 NONE 0;30000 0;0
179 NONE 0;30000 0;0
180 NONE 0;30000 0;0
181 NONE 0;30000 0;0
182 NONE 0;30000 0;0
183 NONE 0;30000 0;0
184 NONE 0;30000 0;0
185 NONE 0;30000 0;0
186 NONE 0;30000 0;0
187 NONE 0;30000 0;0
188 NONE 0;30000 0;0
189 NONE 0;30000 0;0
190 NONE 0;30000 0;0
191 NONE 0;30000 0;0
192 NONE 0;30000 0;0
193 NONE 0;30000 0;0
194 NONE 0;30000 0;0
195 NONE 0;30000 0;0
196 NONE 0;30000 0;0
197 NONE 0;30000 0;0
198 NONE 0;30000 0;0
199 NONE 0;30000 0;0
200 KEY_A 0;30000 0;0
201 KEY_A 0;30000 0;0
202 KEY_A 0;30000 0;0
203 KEY_A 0;30000 0;0
204 KEY_A 0;30000 0;0
205 KEY_A 0;30000 0;0
206 KEY_A 0;30000 0;0
207 KEY_A 0;30000 0;0
208 KEY_A 0;30000 0;0
209 KEY_A 0;30000 0;0
210 KEY_A 0;30000 0;0
211 KEY_A 0;30000 0;0
212 KEY_A 0;30000 0;0
213 KEY_A 0;30000 0;0
214 KEY_A 0;30000 0;0
215 KEY_A 0;30000 0;0
216 KEY_A 0;30000 0;0
217 KEY_A 0;30000 0;0
218 KEY_A 0;30000 0;0
219 KEY_A 0;30000 0;0
220 KEY_A 0;30000 0;0
221 KEY_A 0;30000 0;0
222 KEY_A 0;30000 0;0
223 KEY_A 0;30000 0;0
224 KEY_A 0;30000 0;0
225 KEY_A 0;30000 0;0
226 KEY_A 0;30000 0;0
227 KEY_A 0;30000 0;0
228 KEY_A 0;30000 0;0
229 KEY_A 0;30000 0;0
230 KEY_A;KEY_ZL 0;30000 0;0
231 KEY_A;KEY_ZL 0;30000 0;0
232 KEY_A;KEY_ZL 0;30000 0;0
233 KEY_A;KEY_ZL 0;30000 0;0
234 KEY_A;KEY_ZL 0;30000 0;0
235 KEY_ZL;KEY_Y 0;30000 0;0
236 KEY_ZL;KEY_Y 0;30000 0;0
237 KEY_ZL;KEY_Y 0;30000 0;0
238 KEY_ZL;KEY_Y 0;30000 0;0
239 KEY_ZL;KEY_Y 0;30000 0;0
240 NONE 0;30000 0;0
241 NONE 0;30000 0;0
242 NONE 0;30000 0;0
243 NONE 0;30000 0;0
244 NONE 0;30000 0;0
245 NONE 0;30000 0;0
246 NONE 0;30000 0;0
247 NONE 0;30000 0;0
248 NONE 0;30000 0;0
249 NONE 0;30000 0;0
250 NONE 0;30000 0;0
251 NONE 0;30000 0;0
252 NONE 0;30000 0;0
253 NONE 0;30000 0;0
254 NONE 0;30000 0;0
255 NONE 0;30000 0;0
256 NONE 0;30000 0;0
257 NONE 0;30000 0;0
258 NONE 0;30000 0;0
259 NONE 0;30000 0;0
260 NONE 0;30000 0;0
261 NONE 0;30000 0;0
262 NONE 0;30000 0;0
263 NONE 0;30000 0;0
264 NONE 0;30000 0;0
265 NONE 0;30000 0;0
266 NONE 0;30000 0;0
267 NONE 0;30000 0;0
268 NONE 0;30000 0;0
269 NONE 0;30000 0;0
270 NONE 0;30000 0;0
271 NONE 0;30000 0;0
272 NONE 0;30000 0;0
273 NONE 0;30000 0;0
274 NONE 0;30000 0;0
275 NONE 0;30000 0;0
276 NONE 0;30000 0;0
277 NONE 0;30000 0;0
278 NONE 0;30000 0;0
279 NONE 0;30000 0;0
280 NONE 0;30000 0;0
281 NONE 0;30000 0;0
282 NONE 0;30000 0;0
283 NONE 0;30000 0;0
284 NONE 0;30000 0;0
285 NONE 0;30000 0;0
286 NONE 0;30000 0;0
287 NONE 0;30000 0;0
288 NONE 0;30000 0;0
289 NONE 0;30000 0;0
290 NONE 0;30000 0;0
291 NONE 0;30000 0;0
292 NONE 0;30000 0;0
293 NONE 0;30000 0;0
294 NONE 0;30000 0;0
295 NONE 0;30000 0;0
296 NONE 0;30000 0;0
297 NONE 0;30000 0;0
298 NONE 0;30000 0;0
299 NONE 0;30000 0;0
300 KEY_A 0;30000 0;0
301 KEY_A 0;30000 0;0
302 KEY_A 0;30000 0;0
303 KEY_A 0;30000 0;0
304 KEY_A 0;30000 0;0
305 KEY_A 0;30000 0;0
306 KEY_A 0;30000 0;0
307 KEY_A 0;30000 0;0
308 KEY_A 0;30000 0;0
309 KEY_A 0;30000 0;0
310 KEY_A 0;30000 0;0
311 KEY_A 0;30000 0;0
312 KEY_A 0;30000 0;0
313 KEY_A 0;30000 0;0
314 KEY_A 0;30000 0;0
315 KEY_A 0;30000 0;0
316 KEY_A 0;30000 0;0
317 KEY_A 0;30000 0;0
318 KEY_A 0;30000 0;0
319 KEY_A 0;30000 0;0
320 KEY_ZL 0;30000 0;0
321 KEY_ZL 0;30000 0;0
322 KEY_ZL 0;30000 0;0
323 KEY_ZL 0;30000 0;0
324 KEY_ZL 0;30000 0;0
325 KEY_ZL 0;30000 0;0
326 KEY_ZL 0;30000 0;0
327 KEY_ZL 0;30000 0;0
328 KEY_ZL 0;30000 0;0
329 KEY_ZL 0;30000 0;0
360 KEY_A 0;30000 0;0
361 KEY_A 0;30000 0;0
362 KEY_A 0;30000 0;0
363 KEY_A 0;30000 0;0
364 KEY_A 0;30000 0;0
365 KEY_A 0;30000 0;0
366 KEY_A 0;30000 0;0
367 KEY_A 0;30000 0;0
368 KEY_A 0;30000 0;0
369 KEY_A 0;30000 0;0
370 KEY_A 0;30000 0;0
371 KEY_A 0;30000 0;0
372 KEY_A 0;30000 0;0
373 KEY_A 0;30000 0;0
374 KEY_A 0;30000 0;0
375 KEY_A 0;30000 0;0
376 KEY_A 0;30000 0;0
377 KEY_A 0;30000 0;0
378 KEY_A 0;30000 0;0
379 KEY_A 0;30000 0;0
380 KEY_A 0;30000 0;0
381 KEY_A 0;30000 0;0
382 KEY_A 0;30000 0;0
383 KEY_A 0;30000 0;0
384 KEY_A 0;30000 0;0
385 KEY_A 0;30000 0;0
386 KEY_A 0;30000 0;0
387 KEY_A 0;30000 0;0
388 KEY_A 0;30000 0;0
389 KEY_A 0;30000 0;0
390 KEY_Y 0;30000 0;0
391 KEY_Y 0;30000 0;0
392 KEY_Y 0;30000 0;0
393 KEY_Y 0;30000 0;0
394 KEY_Y 0;30000 0;0
395 KEY_Y 0;30000 0;0
396 KEY_Y 0;30000 0;0
397 KEY_Y 0;30000 0;0
398 KEY_Y 0;30000 0;0
399 KEY_Y 0;30000 0;0
400 KEY_Y 0;30000 0;0
401 KEY_Y 0;30000 0;0
402 KEY_Y 0;30000 0;0
403 KEY_Y 0;30000 0;0
404 KEY_Y 0;30000 0;0
405 KEY_Y 0;30000 0;0
406 KEY_Y 0;30000 0;0
407 KEY_Y 0;30000 0;0
408 KEY_Y 0;30000 0;0
409 KEY_Y 0;30000 0;0
410 KEY_Y 0;30000 0;0
411 KEY_Y 0;30000 0;0
412 KEY_Y 0;30000 0;0
413 KEY_Y 0;30000 0;0
414 KEY_Y 0;30000 0;0
415 KEY_Y 0;30000 0;0
416 KEY_Y 0;30000 0;0
417 KEY_Y 0;30000 0;0
418 KEY_Y 0;30000 0;0
419 KEY_Y 0;30000 0;0
420 KEY_Y;KEY_ZL 0;30000 0;0
421 KEY_Y;KEY_ZL 0;30000 0;0
422 KEY_Y;KEY_ZL 0;30000 0;0
423 KEY_Y;KEY_ZL 0;30000 0;0
424 KEY_Y;KEY_ZL 0;30000 0;0
425 KEY_ZL 0;0 0;30000
426 KEY_ZL 0;0 0;30000
427 KEY_ZL 0;0 0;30000
428 KEY_ZL 0;0 0;30000
429 KEY_ZL 0;0 0;30000
430 KEY_Y;KEY_ZL -30000;0 0;0
431 KEY_Y;KEY_ZL -30000;0 0;0
432 KEY_Y;KEY_ZL -30000;0 0;0
433 KEY_Y;KEY_ZL -30000;0 0;0
434 KEY_Y;KEY_ZL -30000;0 0;0
435 KEY_Y;KEY_ZL -30000;0 0;0
436 KEY_Y;KEY_ZL -30000;0 0;0
437 KEY_Y;KEY_ZL -30000;0 0;0
438 KEY_Y;KEY_ZL -30000;0 0;0
439 KEY_Y;KEY_ZL -30000;0 0;0
440 KEY_Y;KEY_ZL -30000;0 0;0
441 KEY_Y;KEY_ZL -30000;0 0;0
442 KEY_Y;KEY_ZL -30000;0 0;0
443 KEY_Y;KEY_ZL -30000;0 0;0
444 KEY_Y;KEY_ZL -30000;0 0;0
445 KEY_Y;KEY_ZL -30000;0 0;0
446 KEY_Y;KEY_ZL -30000;0 0;0
447 KEY_Y;KEY_ZL -30000;0 0;0
448 KEY_Y;KEY_ZL -30000;0 0;0
449 KEY_Y;KEY_ZL -30000;0 0;0
450 KEY_Y;KEY_ZL -30000;0 0;0
451 KEY_Y;KEY_ZL -30000;0 0;0
452 KEY_Y;KEY_ZL -30000;0 0;0
453 KEY_Y;KEY_ZL -30000;0 0;0
454 KEY_Y;KEY_ZL -30000;0 0;0
455 KEY_Y;KEY_ZL -30000;0 0;0
456 KEY_Y;KEY_ZL -30000;0 0;0
457 KEY_Y;KEY_ZL -30000;0 0;0
458 KEY_Y;KEY_ZL -30000;0 0;0
459 KEY_Y;KEY_ZL -30000;0 0;0
460 KEY_Y;KEY_ZL -30000;0 0;0
461 KEY_Y;KEY_ZL -30000;0 0;0
462 KEY_Y;KEY_ZL -30000;0 0;0
463 KEY_Y;KEY_ZL -30000;0 0;0
464 KEY_Y;KEY_ZL -30000;0 0;0
465 KEY_Y;KEY_ZL -30000;0 0;0
466 KEY_Y;KEY_ZL -30000;0 0;0
467 KEY_Y;KEY_ZL -30000;0 0;0
468 KEY_Y;KEY_ZL -30000;0 0;0
469 KEY_Y;KEY_ZL -30000;0 0;0
500 NONE 0;30000 0;0
501 NONE 0;30000 0;0
502 NONE 0;30000 0;0
503 NONE 0;30000 0;0
504 NONE 0;30000 0;0
505 NONE 0;30000 0;0
506 NONE 0;30000 0;0
507 NONE 0;30000 0;0
508 NONE 0;30000 0;0
509 NONE 0;30000 0;0
510 NONE 0;30000 0;0
511 NONE 0;30000 0;0
512 NONE 0;30000 0;0
513 NONE 0;30000 0;0
514 NONE 0;30000 0;0
515 NONE 0;30000 0;0
516 NONE 0;30000 0;0
517 NONE 0;30000 0;0
518 NONE 0;30000 0;0
519 NONE 0;30000 0;0
520 NONE 0;30000 0;0
521 NONE 0;30000 0;0
522 NONE 0;30000 0;0
523 NONE 0;30000 0;0
524 NONE 0;30000 0;0
525 NONE 0;30000 0;0
526 NONE 0;30000 0;0
527 NONE 0;30000 0;0
528 NONE 0;30000 0;0
529 NONE 0;30000 0;0
530 NONE 0;30000 0;0
531 NONE 0;30000 0;0
532 NONE 0;30000 0;0
533 NONE 0;30000 0;0
534 NONE 0;30000 0;0
535 NONE 0;30000 0;0
536 NONE 0;30000 0;0
537 NONE 0;30000 0;0
538 NONE 0;30000 0;0
539 NONE 0;30000 0;0
540 NONE 0;30000 0;0
541 NONE 0;30000 0;0
542 NONE 0;30000 0;0
543 NONE 0;30000 0;0
544 NONE 0;30000 0;0
545 NONE 0;30000 0;0
546 NONE 0;30000 0;0
547 NONE 0;30000 0;0
548 NONE 0;30000 0;0
549 NONE 0;30000 0;0
550 NONE 0;30000 0;0
551 NONE 0;30000 0;0
552 NONE 0;30000 0;0
553 NONE 0;30000 0;0
554 NONE 0;30000 0;0
555 NONE 0;30000 0;0
556 NONE 0;30000 0;0
557 NONE 0;30000 0;0
558 NONE 0;30000 0;0
559 NONE 0;30000 0;0
560 NONE 0;30000 0;0
561 NONE 0;30000 0;0
562 NONE 0;30000 0;0
563 NONE 0;30000 0;0
564 NONE 0;30000 0;0
565 NONE 0;30000 0;0
566 NONE 0;30000 0;0
567 NONE 0;30000 0;0
568 NONE 0;30000 0;0
569 NONE 0;30000 0;0
580 NONE 10000;-10000 0;0
581 NONE 10000;-10000 0;0
582 NONE 10000;-10000 0;0
583 NONE 10000;-10000 0;0
584 NONE 10000;-10000 0;0
585 NONE 10000;-10000 0;0
586 NONE 10000;-10000 0;0
587 NONE 10000;-10000 0;0
588 NONE 10000;-10000 0;0
589 NONE 10000;-10000 0;0
590 NONE 10000;-10000 0;0
591 NONE 10000;-10000 0;0
592 NONE 10000;-10000 0;0
593 NONE 10000;-10000 0;0
594 NONE 10000;-10000 0;0
605 NONE -30000;0 0;0
606 NONE -30000;0 0;0
607 NONE -30000;0 0;0
608 NONE -30000;0 0;0
609 NONE -30000;0 0;0
610 NONE -30000;0 0;0
611 NONE -30000;0 0;0
612 NONE -30000;0 0;0
613 NONE -30000;0 0;0
614 NONE -30000;0 0;0
615 NONE -30000;0 0;0
616 NONE -30000;0 0;0
617 NONE -30000;0 0;0
618 NONE -30000;0 0;0
619 NONE -30000;0 0;0
620 NONE -30000;0 0;0
621 NONE -30000;0 0;0
622 NONE -30000;0 0;0
623 NONE -30000;0 0;0
624 NONE -30000;0 0;0
625 NONE -30000;0 0;0
626 NONE -30000;0 0;0
627 NONE -30000;0 0;0
628 NONE -30000;0 0;0
629 NONE -30000;0 0;0
630 NONE -30000;0 0;0
631 NONE -30000;0 0;0
632 NONE -30000;0 0;0
633 NONE -30000;0 0;0
634 NONE -30000;0 0;0
635 NONE -30000;0 0;0
636 NONE -30000;0 0;0
637 NONE -30000;0 0;0
638 NONE -30000;0 0;0
639 NONE -30000;0 0;0
640 NONE -30000;0 0;0
641 NONE -30000;0 0;0
642 NONE -30000;0 0;0
643 NONE -30000;0 0;0
644 NONE -30000;0 0;0
645 NONE -30000;0 0;0
646 NONE -30000;0 0;0
647 NONE -30000;0 0;0
648 NONE -30000;0 0;0
649 NONE -30000;0 0;0
650 NONE -30000;0 0;0
651 NONE -30000;0 0;0
652 NONE -30000;0 0;0
653 NONE -30000;0 0;0
654 NONE -30000;0 0;0
655 NONE -30000;0 0;0
656 NONE -30000;0 0;0
657 NONE -30000;0 0;0
658 NONE -30000;0 0;0
659 NONE -30000;0 0;0
660 NONE -30000;0 0;0
661 NONE -30000;0 0;0
662 NONE -30000;0 0;0
663 NONE -30000;0 0;0
664 NONE -30000;0 0;0
675 NONE 30000;0 0;0
676 NONE 30000;0 0;0
677 NONE 30000;0 0;0
678 NONE 30000;0 0;0
679 NONE 30000;0 0;0
680 NONE 30000;0 0;0
681 NONE 30000;0 0;0
682 NONE 30000;0 0;0
683 NONE 30000;0 0;0
684 NONE 30000;0 0;0
685 NONE 30000;0 0;0
686 NONE 30000;0 0;0
687 NONE 30000;0 0;0
688 NONE 30000;0 0;0
689 NONE 30000;0 0;0
700 KEY_A 0;0 0;0
701 KEY_A 0;0 0;0
702 KEY_A 0;0 0;0
703 KEY_A 0;0 0;0
704 KEY_A 0;0 0;0
725 NONE 30000;0 0;0
726 NONE 30000;0 0;0
727 NONE 30000;0 0;0
728 NONE 30000;0 0;0
729 NONE 30000;0 0;0
730 NONE 30000;0 0;0
731 NONE 30000;0 0;0
732 NONE 30000;0 0;0
733 NONE 30000;0 0;0
734 NONE 30000;0 0;0
735 KEY_A 30000;0 0;0
736 KEY_A 30000;0 0;0
737 KEY_A 30000;0 0;0
738 KEY_A 30000;0 0;0
739 KEY_A 30000;0 0;0
740 NONE 30000;0 0;0
741 NONE 30000;0 0;0
742 NONE 30000;0 0;0
743 NONE 30000;0 0;0
744 NONE 30000;0 0;0
745 NONE 30000;0 0;0
746 NONE 30000;0 0;0
747 NONE 30000;0 0;0
748 NONE 30000;0 0;0
749 NONE 30000;0 0;0
750 NONE 30000;0 0;0
751 NONE 30000;0 0;0
752 NONE 30000;0 0;0
753 NONE 30000;0 0;0
754 NONE 30000;0 0;0
755 NONE 30000;0 0;0
756 NONE 30000;0 0;0
757 NONE 30000;0 0;0
758 NONE 30000;0 0;0
759 NONE 30000;0 0;0
760 NONE 30000;0 0;0
761 NONE 30000;0 0;0
762 NONE 30000;0 0;0
763 NONE 30000;0 0;0
764 NONE 30000;0 0;0
765 NONE 30000;0 0;0
766 NONE 30000;0 0;0
767 NONE 30000;0 0;0
768 NONE 30000;0 0;0
769 NONE 30000;0 0;0
770 KEY_A 30000;0 0;0
771 KEY_A 30000;0 0;0
772 KEY_A 30000;0 0;0
773 KEY_A 30000;0 0;0
774 KEY_A 30000;0 0;0
775 KEY_A 30000;0 0;0
776 KEY_A 30000;0 0;0
777 KEY_A 30000;0 0;0
778 KEY_A 30000;0 0;0
779 KEY_A 30000;0 0;0
780 KEY_A 30000;0 0;0
781 KEY_A 30000;0 0;0
782 KEY_A 30000;0 0;0
783 KEY_A 30000;0 0;0
784 KEY_A 30000;0 0;0
785 KEY_A 30000;0 0;0
786 KEY_A 30000;0 0;0
787 KEY_A 30000;0 0;0
788 KEY_A 30000;0 0;0
789 KEY_A 30000;0 0;0
790 KEY_A 30000;0 0;0
791 KEY_A 30000;0 0;0
792 KEY_A 30000;0 0;0
793 KEY_A 30000;0 0;0
794 KEY_A 30000;0 0;0
795 KEY_A 30000;0 0;0
796 KEY_A 30000;0 0;0
797 KEY_A 30000;0 0;0
798 KEY_A 30000;0 0;0
799 KEY_A 30000;0 0;0
800 KEY_A -30000;0 0;0
801 KEY_A -30000;0 0;0
802 KEY_A -30000;0 0;0
803 KEY_A -30000;0 0;0
804 KEY_A -30000;0 0;0
805 KEY_A -30000;0 0;0
806 KEY_A -30000;0 0;0
807 KEY_A -30000;0 0;0
808 KEY_A -30000;0 0;0
809 KEY_A -30000;0 0;0
810 KEY_Y;KEY_A -30000;0 0;0
811 KEY_Y;KEY_A -30000;0 0;0
812 KEY_Y;KEY_A -30000;0 0;0
813 KEY_Y;KEY_A -30000;0 0;0
814 KEY_Y;KEY_A -30000;0 0;0
815 KEY_Y;KEY_A -30000;0 0;0
816 KEY_Y;KEY_A -30000;0 0;0
817 KEY_Y;KEY_A -30000;0 0;0
818 KEY_Y;KEY_A -30000;0 0;0
819 KEY_Y;KEY_A -30000;0 0;0
820 KEY_Y;KEY_A -30000;0 0;0
821 KEY_Y;KEY_A -30000;0 0;0
822 KEY_Y;KEY_A -30000;0 0;0
823 KEY_Y;KEY_A -30000;0 0;0
824 KEY_Y;KEY_A -30000;0 0;0
825 KEY_Y;KEY_A -30000;0 0;0
826 KEY_Y;KEY_A -30000;0 0;0
827 KEY_Y;KEY_A -30000;0 0;0
828 KEY_Y;KEY_A -30000;0 0;0
829 KEY_Y;KEY_A -30000;0 0;0
830 KEY_Y;KEY_A -30000;0 0;0
831 KEY_Y;KEY_A -30000;0 0;0
832 KEY_Y;KEY_A -30000;0 0;0
833 KEY_Y;KEY_A -30000;0 0;0
834 KEY_Y;KEY_A -30000;0 0;0
835 KEY_Y;KEY_A -30000;0 0;0
836 KEY_Y;KEY_A -30000;0 0;0
837 KEY_Y;KEY_A -30000;0 0;0
838 KEY_Y;KEY_A -30000;0 0;0
839 KEY_Y;KEY_A -30000;0 0;0
840 KEY_ZL;KEY_Y 0;0 -30000;0
841 KEY_ZL;KEY_Y 0;0 -30000;0
842 KEY_ZL;KEY_Y 0;0 -30000;0
843 KEY_ZL;KEY_Y 0;0 -30000;0
844 KEY_ZL;KEY_Y 0;0 -30000;0
845 KEY_ZL 0;0 -30000;0
846 KEY_ZL 0;0 -30000;0
847 KEY_ZL 0;0 -30000;0
848 KEY_ZL 0;0 -30000;0
849 KEY_ZL 0;0 -30000;0
850 KEY_ZL;KEY_Y -30000;0 0;0
851 KEY_ZL;KEY_Y -30000;0 0;0
852 KEY_ZL;KEY_Y -30000;0 0;0
853 KEY_ZL;KEY_Y -30000;0 0;0
854 KEY_ZL;KEY_Y -30000;0 0;0
855 KEY_ZL;KEY_Y -30000;0 0;0
856 KEY_ZL;KEY_Y -30000;0 0;0
857 KEY_ZL;KEY_Y -30000;0 0;0
858 KEY_ZL;KEY_Y -30000;0 0;0
859 KEY_ZL;KEY_Y -30000;0 0;0
860 KEY_ZL;KEY_Y -30000;0 0;0
861 KEY_ZL;KEY_Y -30000;0 0;0
862 KEY_ZL;KEY_Y -30000;0 0;0
863 KEY_ZL;KEY_Y -30000;0 0;0
864 KEY_ZL;KEY_Y -30000;0 0;0
865 KEY_ZL;KEY_Y -30000;0 0;0
866 KEY_ZL;KEY_Y -30000;0 0;0
867 KEY_ZL;KEY_Y -30000;0 0;0
868 KEY_ZL;KEY_Y -30000;0 0;0
869 KEY_ZL;KEY_Y -30000;0 0;0
870 KEY_ZL;KEY_Y -30000;0 0;0
871 KEY_ZL;KEY_Y -30000;0 0;0
872 KEY_ZL;KEY_Y -30000;0 0;0
873 KEY_ZL;KEY_Y -30000;0 0;0
874 KEY_ZL;KEY_Y -30000;0 0;0
875 KEY_ZL;KEY_Y -30000;0 0;0
876 KEY_ZL;KEY_Y -30000;0 0;0
877 KEY_ZL;KEY_Y -30000;0 0;0
878 KEY_ZL;KEY_Y -30000;0 0;0
879 KEY_ZL;KEY_Y -30000;0 0;0
880 KEY_ZL;KEY_Y -30000;0 0;0
881 KEY_ZL;KEY_Y -30000;0 0;0
882 KEY_ZL;KEY_Y -30000;0 0;0
883 KEY_ZL;KEY_Y -30000;0 0;0
884 KEY_ZL;KEY_Y -30000;0 0;0
885 KEY_ZL;KEY_Y -30000;0 0;0
886 KEY_ZL;KEY_Y -30000;0 0;0
887 KEY_ZL;KEY_Y -30000;0 0;0
888 KEY_ZL;KEY_Y -30000;0 0;0
889 KEY_ZL;KEY_Y -30000;0 0;0
895 KEY_Y -30000;0 0;0
896 KEY_Y -30000;0 0;0
897 KEY_Y -30000;0 0;0
898 KEY_Y -30000;0 0;0
899 KEY_Y -30000;0 0;0
900 KEY_Y -30000;0 0;0
901 KEY_Y -30000;0 0;0
902 KEY_Y -30000;0 0;0
903 KEY_Y -30000;0 0;0
904 KEY_Y -30000;0 0;0
905 NONE -30000;0 0;0
906 NONE -30000;0 0;0
907 NONE -30000;0 0;0
908 NONE -30000;0 0;0
909 NONE -30000;0 0;0
910 NONE -30000;0 0;0
911 NONE -30000;0 0;0
912 NONE -30000;0 0;0
913 NONE -30000;0 0;0
914 NONE -30000;0 0;0
915 NONE -30000;0 0;0
916 NONE -30000;0 0;0
917 NONE -30000;0 0;0
918 NONE -30000;0 0;0
919 NONE -30000;0 0;0
920 NONE -30000;0 0;0
921 NONE -30000;0 0;0
922 NONE -30000;0 0;0
923 NONE -30000;0 0;0
924 NONE -30000;0 0;0
925 KEY_A 0;0 0;0
926 KEY_A 0;0 0;0
927 KEY_A 0;0 0;0
928 KEY_A 0;0 0;0
929 KEY_A 0;0 0;0
930 KEY_A 0;0 0;0
931 KEY_A 0;0 0;0
932 KEY_A 0;0 0;0
933 KEY_A 0;0 0;0
934 KEY_A 0;0 0;0
935 KEY_A 0;0 0;0
936 KEY_A 0;0 0;0
937 KEY_A 0;0 0;0
938 KEY_A 0;0 0;0
939 KEY_A 0;0 0;0
940 KEY_A 0;0 0;0
941 KEY_A 0;0 0;0
942 KEY_A 0;0 0;0
943 KEY_A 0;0 0;0
944 KEY_A 0;0 0;0
945 KEY_A 0;0 0;0
946 KEY_A 0;0 0;0
947 KEY_A 0;0 0;0
948 KEY_A 0;0 0;0
949 KEY_A 0;0 0;0
950 KEY_A;KEY_Y 0;0 0;0
951 KEY_A;KEY_Y 0;0 0;0
952 KEY_A;KEY_Y 0;0 0;0
953 KEY_A;KEY_Y 0;0 0;0
954 KEY_A;KEY_Y 0;0 0;0
955 KEY_A;KEY_Y -30000;0 0;0
956 KEY_A;KEY_Y -30000;0 0;0
957 KEY_A;KEY_Y -30000;0 0;0
958 KEY_A;KEY_Y -30000;0 0;0
959 KEY_A;KEY_Y -30000;0 0;0
960 KEY_A;KEY_Y -30000;0 0;0
961 KEY_A;KEY_Y -30000;0 0;0
962 KEY_A;KEY_Y -30000;0 0;0
963 KEY_A;KEY_Y -30000;0 0;0
964 KEY_A;KEY_Y -30000;0 0;0
965 KEY_A;KEY_Y -30000;0 0;0
966 KEY_A;KEY_Y -30000;0 0;0
967 KEY_A;KEY_Y -30000;0 0;0
968 KEY_A;KEY_Y -30000;0 0;0
969 KEY_A;KEY_Y -30000;0 0;0
970 KEY_ZL -30000;0 0;0
971 KEY_ZL -30000;0 0;0
972 KEY_ZL -30000;0 0;0
973 KEY_ZL -30000;0 0;0
974 KEY_ZL -30000;0 0;0
975 KEY_Y;KEY_ZL -30000;0 0;0
976 KEY_Y;KEY_ZL -30000;0 0;0
977 KEY_Y;KEY_ZL -30000;0 0;0
978 KEY_Y;KEY_ZL -30000;0 0;0
979 KEY_Y;KEY_ZL -30000;0 0;0
980 KEY_Y;KEY_ZL -30000;0 0;0
981 KEY_Y;KEY_ZL -30000;0 0;0
982 KEY_Y;KEY_ZL -30000;0 0;0
983 KEY_Y;KEY_ZL -30000;0 0;0
984 KEY_Y;KEY_ZL -30000;0 0;0
985 KEY_Y;KEY_ZL -30000;0 0;0
986 KEY_Y;KEY_ZL -30000;0 0;0
987 KEY_Y;KEY_ZL -30000;0 0;0
988 KEY_Y;KEY_ZL -30000;0 0;0
989 KEY_Y;KEY_ZL -30000;0 0;0
990 KEY_Y;KEY_ZL -30000;0 0;0
991 KEY_Y;KEY_ZL -30000;0 0;0
992 KEY_Y;KEY_ZL -30000;0 0;0
993 KEY_Y;KEY_ZL -30000;0 0;0
994 KEY_Y;KEY_ZL -30000;0 0;0
995 KEY_Y;KEY_ZL -30000;0 0;0
996 KEY_Y;KEY_ZL -30000;0 0;0
997 KEY_Y;KEY_ZL -30000;0 0;0
998 KEY_Y;KEY_ZL -30000;0 0;0
999 KEY_Y;KEY_ZL -30000;0 0;0
1000 KEY_Y;KEY_ZL -30000;0 0;0
1001 KEY_Y;KEY_ZL -30000;0 0;0
1002 KEY_Y;KEY_ZL -30000;0 0;0
1003 KEY_Y;KEY_ZL -30000;0 0;0
1004 KEY_Y;KEY_ZL -30000;0 0;0
1185 NONE 0;30000 0;0
1186 NONE 0;30000 0;0
1187 NONE 0;30000 0;0
1188 NONE 0;30000 0;0
1189 NONE 0;30000 0;0
1190 NONE 0;30000 0;0
1191 NONE 0;30000 0;0
1192 NONE 0;30000 0;0
1193 NONE 0;30000 0;0
1194 NONE 0;30000 0;0
1195 NONE 0;30000 0;0
1196 NONE 0;30000 0;0
1197 NONE 0;30000 0;0
1198 NONE 0;30000 0;0
1199 NONE 0;30000 0;0
1200 NONE 0;30000 0;0
1201 NONE 0;30000 0;0
1202 NONE 0;30000 0;0
1203 NONE 0;30000 0;0
1204 NONE 0;30000 0;0
1205 NONE 0;30000 0;0
1206 NONE 0;30000 0;0
1207 NONE 0;30000 0;0
1208 NONE 0;30000 0;0
1209 NONE 0;30000 0;0
1210 NONE 0;30000 0;0
1211 NONE 0;30000 0;0
1212 NONE 0;30000 0;0
1213 NONE 0;30000 0;0
1214 NONE 0;30000 0;0
1215 NONE 0;30000 0;0
1216 NONE 0;30000 0;0
1217 NONE 0;30000 0;0
1218 NONE 0;30000 0;0
1219 NONE 0;30000 0;0
1220 NONE 0;30000 0;0
1221 NONE 0;30000 0;0
1222 NONE 0;30000 0;0
1223 NONE 0;30000 0;0
1224 NONE 0;30000 0;0
1225 NONE 0;30000 0;0
1226 NONE 0;30000 0;0
1227 NONE 0;30000 0;0
1228 NONE 0;30000 0;0
1229 NONE 0;30000 0;0
1230 NONE 0;30000 0;0
1231 NONE 0;30000 0;0
1232 NONE 0;30000 0;0
1233 NONE 0;30000 0;0
1234 NONE 0;30000 0;0
1235 NONE 0;30000 0;0
1236 NONE 0;30000 0;0
1237 NONE 0;30000 0;0
1238 NONE 0;30000 0;0
1239 NONE 0;30000 0;0
1240 NONE 0;30000 0;0
1241 NONE 0;30000 0;0
1242 NONE 0;30000 0;0
1243 NONE 0;30000 0;0
1244 NONE 0;30000 0;0
1245 NONE 0;30000 0;0
1246 NONE 0;30000 0;0
1247 NONE 0;30000 0;0
1248 NONE 0;30000 0;0
1249 NONE 0;30000 0;0
1250 NONE 0;30000 0;0
1251 NONE 0;30000 0;0
1252 NONE 0;30000 0;0
1253 NONE 0;30000 0;0
1254 NONE 0;30000 0;0
1255 NONE 0;30000 0;0
1256 NONE 0;30000 0;0
1257 NONE 0;30000 0;0
1258 NONE 0;30000 0;0
1259 NONE 0;30000 0;0
1260 NONE 0;30000 0;0
1261 NONE 0;30000 0;0
1262 NONE 0;30000 0;0
1263 NONE 0;30000 0;0
1264 NONE 0;30000 0;0
1265 NONE 0;30000 0;0
1266 NONE 0;30000 0;0
1267 NONE 0;30000 0;0
1268 NONE 0;30000 0;0
1269 NONE 0;30000 0;0
1270 NONE 0;30000 0;0
1271 NONE 0;30000 0;0
1272 NONE 0;30000 0;0
1273 NONE 0;30000 0;0
1274 NONE 0;30000 0;0
1275 NONE 0;30000 0;0
1276 NONE 0;30000 0;0
1277 NONE 0;30000 0;0
1278 NONE 0;30000 0;0
1279 NONE 0;30000 0;0
1280 NONE 0;30000 0;0
1281 NONE 0;30000 0;0
1282 NONE 0;30000 0;0
1283 NONE 0;30000 0;0
1284 NONE 0;30000 0;0
1285 NONE 0;30000 0;0
1286 NONE 0;30000 0;0
1287 NONE 0;30000 0;0
1288 NONE 0;30000 0;0
1289 NONE 0;30000 0;0
1290 NONE 0;30000 0;0
1291 NONE 0;30000 0;0
1292 NONE 0;30000 0;0
1293 NONE 0;30000 0;0
1294 NONE 0;30000 0;0
1295 NONE 0;30000 0;0
1296 NONE 0;30000 0;0
1297 NONE 0;30000 0;0
1298 NONE 0;30000 0;0
1299 NONE 0;30000 0;0
1300 NONE 0;30000 0;0
1301 NONE 0;30000 0;0
1302 NONE 0;30000 0;0
1303 NONE 0;30000 0;0
1304 NONE 0;30000 0;0
